885 1145
289 450
620 693
314 822
152 765
319 706
352 675
35 111
878 89
784 164
696 303
231 860
532 489
666 848
227 16
715 644
846 713
858 748
176 556
429 150
573 502
582 676
878 880
790 607
377 793
809 60
633 391
284 541
682 533
37 719
576 170
277 849
196 447
257 747
8 302
655 95
867 190
826 546
143 188
391 133
361 292
206 430
781 606
711 285
36 275
35 218
691 222
166 232
330 395
555 352
134 439
738 627
569 420
72 460
591 675
343 532
25 851
25 711
455 580
71 606
213 671
490 699
425 753
349 220
376 173
291 849
554 412
279 516
620 642
821 527
346 736
722 57
731 792
858 640
792 827
269 335
634 361
212 605
782 289
243 521
133 416
571 709
680 369
387 730
323 593
492 617
323 728
797 305
631 510
681 379
833 150
598 150
460 589
310 79
771 530
505 76
178 295
807 702
623 285
842 731
874 820
776 615
723 301
299 289
495 175
542 705
480 138
116 621
285 401
48 709
837 368
795 311
287 260
720 350
21 220
482 862
465 254
873 9
536 366
633 507
199 144
484 251
568 23
451 231
297 339
763 860
337 369
114 737
559 150
130 647
830 150
512 571
364 308
457 494
261 453
805 368
533 859
746 880
391 838
346 342
830 157
803 853
42 591
859 113
851 76
842 468
276 16
232 517
410 536
141 728
876 572
311 566
781 787
137 534
578 266
143 454
858 165
564 329
204 382
422 214
125 206
818 360
686 233
86 462
605 421
483 184
315 87
402 173
308 172
635 820
150 269
46 485
433 181
833 459
34 555
385 369
42 8
438 147
299 346
829 151
798 255
560 474
616 604
121 405
137 295
734 870
729 490
848 518
537 592
90 14
843 708
540 528
813 78
802 267
743 326
43 297
827 204
233 663
280 825
750 122
327 144
581 672
262 827
732 268
161 52
390 787
204 719
607 117
244 131
241 458
98 776
815 108
883 772
341 195
241 638
801 474
66 525
442 190
554 745
333 883
797 526
539 708
655 656
272 470
42 233
197 35
117 110
634 56
316 740
714 843
844 782
212 188
702 779
47 163
114 133
674 834
97 270
576 241
419 95
584 445
733 302
643 519
389 604
748 131
294 622
626 423
119 766
571 321
628 857
845 237
762 744
454 491
264 133
82 731
268 134
470 773
837 852
101 313
831 88
810 500
233 708
482 280
247 158
42 130
558 424
857 380
656 556
16 369
783 475
245 399
762 140
693 720
659 262
341 826
210 472
288 339
351 549
761 378
479 849
241 867
488 658
192 597
559 677
184 831
175 92
44 508
1 534
816 682
525 440
333 515
266 435
751 842
275 309
824 505
199 94
773 751
372 802
509 558
747 660
367 5
523 684
79 122
518 829
668 720
841 460
224 53
718 24
326 85
180 475
631 867
719 29
283 637
292 515
638 740
168 753
548 511
294 207
627 94
724 218
54 505
796 414
327 282
752 585
518 449
877 156
756 60
76 99
741 672
875 31
834 248
20 719
821 147
392 143
807 788
797 561
774 457
149 495
560 197
165 645
557 205
667 847
359 88
538 284
556 562
528 699
821 543
693 456
446 133
171 309
673 266
641 446
543 766
27 22
222 710
351 264
719 200
634 796
184 271
564 224
680 713
682 209
623 218
758 390
4 610
497 347
344 85
2 772
425 57
8 750
31 557
597 794
775 687
453 242
386 84
305 500
593 632
511 120
203 315
401 183
239 644
242 459
568 330
502 277
316 658
728 320
464 389
290 790
393 143
602 183
487 493
590 552
626 270
233 31
297 824
816 280
129 112
230 206
132 701
127 811
763 545
407 522
121 383
151 669
686 301
567 227
410 428
212 550
773 315
313 578
8 48
734 440
20 571
105 18
533 793
146 844
356 47
764 797
836 498
503 150
74 658
285 598
189 300
765 706
852 326
853 432
260 884
753 708
290 813
164 60
830 15
520 812
480 249
822 652
203 322
553 611
787 516
178 775
676 568
856 547
523 180
675 307
871 668
526 575
882 318
507 796
630 533
405 46
391 141
523 593
499 681
440 39
860 701
92 497
198 119
531 782
21 117
379 593
162 67
461 396
436 211
288 553
148 817
836 30
31 682
576 188
689 338
600 286
85 244
686 234
706 563
780 270
367 547
509 53
186 873
578 586
719 299
190 849
695 37
708 217
472 322
328 199
846 558
75 228
744 80
300 398
238 348
390 392
231 742
827 85
187 326
794 162
15 75
834 781
582 738
408 813
737 73
444 480
839 107
62 582
9 223
739 379
122 793
279 260
33 130
829 775
596 89
296 98
670 643
733 329
145 439
665 883
770 74
840 728
674 118
675 124
828 128
643 7
522 189
816 269
68 830
548 772
447 300
220 36
576 666
389 683
458 636
811 201
736 305
736 144
1 614
515 435
682 26
614 538
663 591
25 669
782 81
322 624
264 417
93 490
294 138
639 272
179 347
183 2
458 119
357 47
71 701
397 659
203 365
76 760
389 72
133 734
860 63
173 439
668 139
823 369
851 720
71 766
13 678
177 373
724 679
614 642
576 223
159 89
395 884
621 564
763 252
150 544
799 87
456 153
685 129
621 290
784 879
795 814
334 28
734 404
814 391
308 350
827 80
823 291
857 603
528 661
683 438
573 280
320 356
621 435
28 538
622 553
101 194
208 839
106 706
243 498
666 225
334 318
180 241
770 469
355 877
859 140
497 641
501 488
509 523
406 563
611 498
782 250
91 255
185 129
603 556
118 871
27 579
374 501
730 687
388 711
122 283
91 123
748 443
437 27
706 136
474 246
184 261
856 218
507 135
586 661
173 338
657 826
183 784
429 95
254 391
702 45
347 413
347 832
846 60
16 432
447 296
644 229
112 734
332 172
182 15
711 324
705 517
252 372
448 479
146 863
392 454
779 210
557 778
336 500
126 752
664 286
326 530
183 752
805 272
835 352
586 525
870 522
250 643
440 228
149 862
364 306
313 430
12 113
475 711
696 633
111 399
844 825
675 834
579 524
348 862
120 668
269 751
751 863
138 687
710 729
556 804
249 380
395 174
753 567
631 699
258 558
422 344
734 59
632 691
88 520
259 227
429 479
148 248
491 392
282 355
654 462
154 792
684 83
884 39
404 380
57 110
556 299
197 97
125 185
320 712
181 690
40 143
834 538
214 611
872 591
657 582
712 119
492 762
443 697
469 546
218 425
437 414
108 749
582 153
158 394
55 160
882 745
394 315
666 163
181 755
588 41
444 806
174 797
381 198
553 269
97 376
798 751
589 717
275 447
614 491
363 31
570 534
609 763
97 338
786 816
347 38
117 368
150 746
299 236
24 854
267 536
809 385
120 284
859 760
22 172
277 631
211 411
709 120
315 362
764 276
754 609
684 861
645 5
277 12
174 834
240 113
302 85
221 584
883 598
763 367
471 823
313 717
20 711
620 697
549 859
176 741
74 606
595 212
34 708
326 91
768 118
325 292
413 712
690 633
692 312
518 828
508 188
362 28
497 375
526 500
748 190
261 40
337 239
445 390
365 193
230 297
859 637
301 120
380 240
808 406
866 386
185 551
705 50
367 114
519 766
782 666
871 48
288 455
140 331
209 631
12 649
457 56
198 389
437 851
497 882
172 69
49 520
456 877
707 195
691 701
142 128
551 102
369 212
603 468
817 812
223 503
349 526
170 765
316 344
390 777
426 354
689 722
285 710
388 712
706 879
94 84
312 261
306 548
815 92
662 772
185 384
244 620
187 356
180 838
333 264
676 536
127 148
784 206
557 91
138 98
526 746
287 72
241 842
636 419
454 825
530 234
296 542
607 877
36 793
565 229
798 453
867 524
258 778
283 604
500 462
273 100
777 640
844 277
61 305
766 354
357 714
750 133
204 96
129 461
371 778
119 488
69 77
835 286
495 604
32 713
234 462
488 859
460 344
231 341
14 203
54 802
445 114
542 308
60 143
417 315
820 577
247 354
566 430
872 542
228 55
831 781
837 245
140 107
419 647
349 795
5 285
302 190
67 783
241 51
683 164
445 477
644 243
810 7
453 370
745 40
622 82
492 838
126 423
5 525
844 850
837 372
598 680
683 760
681 453
461 533
490 713
353 575
593 466
880 518
382 687
496 831
90 872
775 300
796 490
95 374
503 873
554 463
322 13
672 458
827 126
665 79
617 18
280 141
66 686
264 869
863 334
833 884
539 599
407 766
49 563
586 769
290 713
255 169
668 541
194 456
510 151
568 762
189 96
723 347
810 815
217 813
200 104
524 113
764 795
438 476
589 734
786 725
207 453
353 606
731 93
692 314
450 614
775 832
667 603
177 519
673 666
315 655
350 206
653 709
460 659
519 708
243 582
794 453
653 263
674 451
580 310
348 603
369 13
229 471
583 489
634 53
63 253
210 143
175 284
196 78
804 571
303 447
580 506
232 520
818 307
124 558
244 552
235 56
746 448
390 721
68 724
118 675
371 811
729 535
267 716
860 356
610 700
607 530
44 32
359 652
1 670
83 601
723 595
286 689
882 884
676 685
14 51
346 837
543 589
129 745
73 420
695 769
270 372
456 272
567 434
654 182
681 141
507 186
133 415
187 27
761 447
400 393
728 581
839 45
691 36
484 679
431 298
70 542
177 472
351 408
398 174
46 436
411 130
397 789
690 353
108 72
378 856
423 317
138 683
83 38
247 279
93 10
580 699
550 606
611 291
409 123
435 876
611 110
402 344
154 752
578 677
792 213
786 170
409 102
507 417
775 160
358 870
153 453
166 194
45 371
548 494
599 482
50 58
546 832
773 90
282 313
108 48
11 396
442 692
199 483
277 596
434 158
703 808
398 355
582 614
709 714
94 445
459 96
74 72
774 69
240 832
251 11
799 472
762 530
247 856
135 489
742 147
866 445
706 646
785 492
606 270
230 138
224 77
882 369
673 465
553 240
49 54
255 450
217 623
876 233
302 730
488 281
654 91
868 327
481 737
578 786
156 560
473 758
633 760
549 39
837 301
585 348
581 179
111 372
186 677
40 744
3 835
13 68
568 543
564 622
512 442
184 199
395 711
299 195
124 246
358 473
268 484
694 391
578 249
453 344
154 819
720 691
531 52
753 306
328 782
549 95
606 128
360 203
651 553
316 591
291 542
46 187
125 80
687 797
225 201
348 160
576 318
397 596
166 175
775 546
