1000 9873
945 530
413 28
142 714
50 96
497 139
207 992
892 767
363 849
932 895
377 775
20 273
739 923
940 418
224 552
321 278
805 144
639 836
623 245
419 917
955 807
299 699
51 298
806 142
535 964
222 321
49 829
146 189
916 553
791 687
688 696
218 603
492 78
899 790
94 174
5 647
482 212
430 364
412 655
532 744
631 633
459 748
667 387
540 179
979 405
118 931
411 250
176 747
701 96
577 434
61 257
10 789
83 313
322 815
398 744
862 461
947 422
463 2
466 482
582 60
359 109
469 669
643 72
353 956
687 275
527 762
767 193
115 870
386 338
408 262
10 454
743 88
727 695
103 249
396 445
516 760
495 883
443 284
281 169
599 633
410 463
672 790
638 501
61 309
220 426
628 479
24 325
38 880
267 219
363 639
18 334
580 233
983 252
474 476
347 70
464 154
185 16
868 819
25 639
156 407
821 483
574 741
612 312
243 439
595 714
493 971
864 673
971 395
569 134
271 228
919 536
373 526
329 680
872 236
238 984
812 991
173 871
54 821
730 368
507 969
91 694
274 119
904 13
736 934
191 627
86 399
308 701
10 983
248 566
163 213
730 402
110 6
644 966
664 590
792 881
923 25
28 419
911 616
843 366
723 948
118 830
314 643
120 846
519 576
969 421
73 120
55 184
449 800
629 83
297 608
210 963
928 656
211 486
287 69
953 665
456 479
699 397
719 70
547 209
487 642
733 166
280 860
903 140
409 888
746 51
230 224
659 856
570 261
988 20
257 444
337 144
817 164
456 883
172 184
287 665
91 8
524 665
721 913
152 436
940 181
941 652
615 501
366 109
665 762
940 324
488 411
660 566
189 637
336 223
826 794
765 298
587 534
734 971
567 85
459 155
333 702
599 167
322 177
843 881
312 471
426 203
250 949
377 743
599 276
658 641
108 273
753 76
570 522
42 163
613 680
161 580
763 23
1000 675
551 358
352 914
652 703
448 485
67 431
246 220
653 948
550 260
532 791
625 327
376 357
819 293
128 688
53 997
19 813
974 579
386 248
831 990
813 319
942 29
786 668
582 4
291 173
185 690
516 402
796 674
33 998
949 688
732 800
642 88
664 512
148 401
791 377
633 157
463 280
215 331
785 576
969 163
789 136
234 195
508 294
254 774
101 46
755 799
662 377
336 383
903 1
963 298
600 752
234 338
296 31
719 745
404 352
160 572
432 817
752 902
841 603
436 857
589 301
114 143
427 118
184 746
232 222
616 584
472 621
18 671
310 929
519 215
479 810
581 554
569 434
697 229
474 182
518 21
830 267
171 250
65 915
906 379
365 688
39 387
925 446
708 562
52 62
588 216
166 2
504 651
564 145
142 697
518 83
187 910
961 123
504 762
711 179
130 738
368 89
518 593
423 663
562 545
13 151
844 359
22 943
98 1
779 800
174 858
13 797
487 177
917 946
918 341
757 819
854 826
501 688
426 731
843 310
130 439
814 149
446 825
715 752
667 885
547 395
988 271
400 800
718 416
870 815
448 572
379 768
694 473
552 418
665 197
760 197
340 617
239 357
276 465
594 180
689 72
708 444
769 208
828 629
478 938
724 582
546 290
659 513
733 944
46 921
732 328
312 259
95 536
155 991
447 159
90 184
664 71
846 883
704 856
817 607
836 333
696 856
387 535
937 530
313 264
246 702
427 368
947 585
765 722
686 954
708 534
540 826
308 388
407 304
789 34
194 319
490 902
970 396
769 815
240 161
810 213
114 710
668 219
523 760
139 205
251 291
79 537
407 22
655 380
291 553
516 22
592 436
444 25
464 839
619 909
654 188
699 600
644 882
738 117
939 822
634 66
248 360
857 722
841 245
493 964
568 315
81 568
250 557
778 626
224 64
477 274
228 648
193 859
819 571
475 369
457 990
755 807
581 29
283 886
931 34
309 762
606 608
37 683
668 951
233 195
589 403
974 119
333 85
63 828
764 927
452 357
402 590
771 747
519 121
650 504
891 913
217 629
859 34
219 387
42 648
993 696
655 466
372 675
212 824
68 676
380 118
18 401
54 499
821 966
36 642
285 165
159 12
53 185
829 552
6 257
930 265
565 30
214 100
769 617
997 451
749 162
256 77
942 987
570 742
661 781
550 63
992 642
757 969
888 920
136 359
255 905
728 193
985 214
382 902
734 443
516 10
636 585
412 515
316 738
679 767
904 763
546 964
411 477
75 584
371 465
597 707
784 992
213 714
822 552
455 893
405 408
813 363
961 536
823 182
789 258
240 631
41 618
831 667
192 458
656 441
54 992
400 647
960 506
477 487
426 651
188 638
690 728
12 300
107 630
153 322
409 744
987 343
510 448
646 838
458 568
405 860
266 50
103 595
789 966
457 677
589 104
996 286
962 410
289 108
152 292
67 179
267 565
930 239
701 941
133 964
229 875
877 815
679 121
938 181
422 482
389 251
664 125
639 885
472 863
539 891
290 592
852 514
63 357
946 635
35 696
741 113
397 386
478 55
636 911
14 437
145 58
365 415
832 284
88 60
343 860
843 188
274 753
773 729
904 776
640 770
552 786
330 168
45 707
763 594
876 211
272 97
473 736
735 664
921 341
615 886
362 232
89 944
236 705
383 306
330 394
277 129
541 992
391 249
267 439
140 959
275 928
628 370
426 732
137 903
547 204
112 733
430 785
713 165
755 798
737 319
133 612
295 208
480 703
112 542
7 220
509 828
755 60
959 398
907 291
357 504
16 704
185 79
955 575
78 386
778 476
466 672
855 222
221 207
967 512
949 21
401 487
458 528
963 873
488 263
995 344
354 432
229 528
213 875
655 212
591 96
252 343
473 102
575 429
743 831
854 124
378 173
344 501
824 63
700 594
757 623
435 79
218 581
872 200
478 19
5 673
243 938
118 42
924 409
174 744
52 716
291 524
145 692
311 593
264 500
433 483
761 311
249 11
601 478
854 141
457 118
847 289
444 340
45 178
235 185
532 923
476 165
810 709
654 626
110 806
130 214
538 203
465 717
482 741
822 643
1 163
663 337
991 804
427 649
328 82
124 650
158 922
395 452
611 431
382 372
719 863
618 78
394 52
858 497
196 248
713 466
25 190
988 844
916 145
153 369
392 557
945 647
531 570
487 824
825 857
319 292
294 770
43 244
462 718
391 566
30 498
237 822
54 276
76 372
630 823
703 937
613 772
104 117
11 483
910 717
881 355
593 439
61 633
688 461
691 426
621 353
256 633
226 683
949 267
256 744
423 596
216 284
142 4
165 237
592 151
485 892
400 306
643 398
457 424
710 458
748 153
765 789
862 145
934 770
523 63
425 786
520 161
888 603
492 240
139 637
981 478
867 240
969 318
93 238
75 943
187 361
261 930
888 714
540 339
338 279
926 940
361 718
770 168
461 731
350 419
101 564
598 712
287 99
805 994
622 434
686 95
889 849
193 858
662 196
277 42
867 774
447 766
840 154
489 76
607 712
441 305
794 375
443 399
926 360
674 257
272 629
959 746
989 408
507 644
578 933
262 80
86 850
94 899
724 446
816 961
927 983
507 286
369 273
96 439
152 457
891 500
832 221
897 433
424 969
170 213
816 815
716 328
535 772
935 46
367 821
100 229
894 971
933 342
56 3
114 265
422 86
298 192
318 135
142 113
308 409
980 106
796 502
464 631
639 694
52 870
101 898
334 776
193 216
505 222
912 618
969 623
516 100
576 903
494 678
170 696
120 515
248 633
490 669
731 969
736 733
293 190
739 450
585 552
256 158
439 373
362 249
303 730
490 447
576 212
153 773
351 686
323 597
624 238
429 45
84 858
32 757
897 823
989 169
662 113
476 28
499 421
651 480
390 340
652 63
834 950
548 783
721 612
371 159
188 639
853 891
840 182
569 984
162 414
55 457
239 156
314 197
996 569
67 263
858 518
567 82
751 305
16 598
401 728
638 617
600 820
56 850
293 939
518 156
149 471
977 190
81 385
1000 748
375 227
746 501
142 640
937 728
76 792
539 828
505 680
316 755
668 600
81 274
445 977
119 254
66 486
267 645
74 941
806 490
3 402
702 299
523 468
492 355
535 921
730 246
545 237
35 939
915 463
324 795
498 607
429 735
907 851
178 929
70 723
734 378
992 300
207 542
388 324
652 697
304 791
655 262
142 367
931 78
240 63
373 947
24 805
229 316
277 430
636 236
796 926
727 938
602 989
733 373
201 92
330 312
611 905
819 340
452 875
163 408
970 1000
555 906
44 397
874 332
605 44
845 637
573 462
711 217
896 469
509 104
93 873
370 430
48 182
466 861
694 285
698 208
510 402
547 45
501 258
987 178
242 839
849 181
703 726
483 627
727 204
507 361
713 390
789 985
403 146
578 540
263 390
656 610
335 623
197 654
879 102
935 400
319 298
918 678
725 588
926 237
916 323
955 687
226 533
578 318
25 678
744 202
561 564
545 431
358 866
507 36
327 497
829 623
613 279
268 993
655 215
819 239
860 663
701 405
652 895
378 170
311 690
907 338
947 954
877 197
515 606
535 643
739 60
351 802
722 946
959 547
126 897
617 951
805 393
130 659
131 214
463 789
567 643
199 767
224 489
796 883
966 184
156 722
430 49
835 356
932 147
92 720
398 531
350 264
981 426
31 855
896 740
515 26
511 287
61 476
304 383
186 364
277 164
427 635
201 346
898 208
573 466
900 870
760 199
836 868
563 548
893 885
343 276
880 608
370 466
427 793
798 312
172 243
393 891
891 702
659 624
487 827
128 504
299 113
411 587
195 432
177 621
521 448
886 674
7 993
963 951
693 194
273 767
561 592
985 316
893 411
312 978
190 983
817 831
13 582
105 765
569 174
330 730
739 890
646 474
543 870
308 309
757 578
5 371
319 932
672 16
378 49
492 73
477 827
994 391
118 55
464 938
984 145
394 909
425 785
283 415
767 287
911 529
169 276
537 749
126 508
606 42
862 432
921 386
685 425
465 526
227 635
408 439
143 203
165 689
391 179
874 373
692 646
514 162
809 486
791 306
885 147
335 886
49 41
983 554
556 440
600 396
824 768
770 378
917 505
21 52
989 441
152 189
444 701
484 370
690 645
855 349
859 774
487 633
334 323
38 665
591 327
383 296
530 961
512 348
400 810
732 447
660 204
42 743
557 196
671 332
177 568
569 270
254 574
113 698
829 836
793 470
245 279
240 591
289 55
473 274
989 810
665 652
82 518
925 66
817 633
160 836
124 141
472 982
949 76
20 726
665 573
371 540
670 302
855 886
604 566
695 745
863 283
220 783
683 161
635 494
265 280
39 730
389 935
913 424
696 195
769 777
350 132
946 634
743 727
598 190
250 24
576 920
47 29
948 456
342 619
396 753
112 152
19 564
682 284
477 944
494 790
9 590
339 979
108 236
383 58
789 134
80 853
245 5
987 892
804 414
311 190
918 386
960 180
468 395
72 980
370 681
852 624
103 137
641 664
953 670
571 347
899 320
421 908
346 458
83 165
323 882
107 731
219 805
951 108
901 855
370 395
764 735
999 288
264 620
822 507
975 267
906 782
120 269
546 505
730 586
708 729
510 454
205 428
964 867
962 656
929 336
930 11
346 194
203 599
292 748
538 708
963 81
12 739
786 714
290 285
536 477
276 856
850 709
246 986
467 923
161 40
454 759
54 477
60 794
756 559
388 769
816 716
930 348
588 288
458 589
459 156
119 110
32 426
734 601
57 841
350 838
792 761
229 587
783 94
677 487
261 500
554 114
611 383
443 757
138 669
160 445
14 8
751 571
184 307
791 720
540 976
657 788
51 5
624 833
880 475
662 615
365 413
166 342
740 703
390 858
796 249
49 693
18 744
847 335
830 539
450 75
619 228
987 856
218 931
899 414
922 37
481 179
282 388
267 344
902 391
306 318
235 364
736 439
537 650
538 245
921 235
445 744
245 315
796 701
531 564
253 768
14 264
400 854
771 873
738 396
757 400
703 823
567 147
664 946
537 420
519 268
634 572
470 626
997 620
183 283
96 163
613 450
963 303
674 326
717 356
609 379
427 986
161 180
30 5
401 699
453 642
946 965
389 426
262 936
447 144
180 289
494 193
65 999
543 734
584 261
958 195
372 788
431 321
858 95
90 453
18 358
365 61
480 910
890 620
514 966
380 414
308 419
860 656
420 549
157 906
95 997
976 381
423 946
445 214
473 149
40 976
901 195
243 831
83 594
28 81
643 404
147 709
810 143
60 354
953 987
833 38
410 289
658 75
553 423
701 231
210 827
374 497
185 431
678 281
974 640
277 592
792 940
601 476
909 209
629 502
386 40
836 475
923 371
683 174
856 142
527 637
568 514
642 281
571 421
469 852
158 524
644 590
758 932
281 32
46 480
489 197
624 440
919 678
555 774
955 32
24 766
734 949
671 932
672 782
571 501
34 299
253 149
936 915
426 577
599 488
279 731
176 24
103 439
796 398
272 523
111 920
591 354
962 574
923 812
138 901
177 642
536 375
934 332
258 965
150 735
202 669
68 828
930 51
56 924
869 46
981 612
216 674
677 891
53 49
369 452
650 37
800 666
105 450
471 759
315 875
209 428
372 872
998 748
336 636
33 158
807 974
584 535
706 192
562 783
356 292
240 341
312 834
847 850
961 427
946 513
375 377
900 82
648 139
278 474
728 377
446 668
31 758
146 200
26 402
902 659
852 794
1000 525
847 737
758 452
154 382
429 968
412 570
571 739
168 78
574 506
867 332
887 657
525 174
715 256
473 685
663 32
131 979
335 83
834 799
658 992
284 875
888 315
135 792
373 317
69 20
987 561
989 67
511 387
495 782
621 100
745 487
173 118
943 630
548 70
141 536
422 863
993 241
775 857
873 331
176 949
548 213
496 475
71 1000
205 310
152 822
101 357
485 624
98 825
941 275
45 350
214 447
710 592
15 698
581 717
30 93
894 668
682 532
55 570
557 340
741 40
466 727
485 329
270 415
812 294
872 457
302 812
674 195
33 201
696 887
290 728
39 503
226 730
902 819
11 137
217 901
20 416
655 14
569 201
311 836
911 700
921 944
539 481
563 487
925 276
531 133
787 239
772 867
94 255
477 749
369 812
635 719
865 614
341 275
619 588
639 513
251 448
936 354
274 377
442 759
313 741
44 871
939 617
463 863
924 451
947 98
826 27
740 619
889 311
541 582
670 890
452 595
969 335
951 683
809 150
663 215
335 390
286 340
509 399
53 909
611 879
27 750
579 715
850 348
732 856
549 318
992 245
844 878
774 605
906 557
414 348
183 129
427 723
999 291
233 128
106 414
697 916
795 12
96 152
538 803
281 314
874 785
729 948
270 686
321 495
277 620
224 828
722 215
741 329
979 700
181 130
493 368
744 306
233 819
307 724
224 403
823 740
811 164
65 538
47 670
746 499
18 496
716 287
393 792
890 742
872 37
820 781
933 618
140 175
312 28
282 700
262 638
428 658
35 988
307 867
180 19
460 953
511 707
265 315
178 972
414 724
576 711
109 318
632 835
597 319
636 795
182 540
782 99
558 714
959 521
28 253
835 759
182 814
247 501
810 315
118 124
523 914
331 642
233 497
842 966
791 945
95 324
62 535
287 212
458 569
97 160
10 809
157 902
191 966
168 149
28 673
343 556
446 48
25 477
482 732
581 176
249 831
202 719
206 586
885 330
172 491
598 865
600 359
150 470
559 638
211 740
619 291
253 97
547 674
21 107
779 51
360 377
267 231
106 261
626 588
592 580
56 111
851 530
891 449
96 625
177 976
647 687
817 640
929 974
379 115
473 506
806 276
40 691
868 213
626 99
632 752
134 544
658 422
881 55
268 705
782 231
420 583
995 904
137 946
852 775
530 518
527 809
308 625
528 819
130 657
169 429
559 248
249 159
892 631
677 77
255 81
389 844
343 978
89 759
218 789
348 836
331 542
624 486
671 912
242 466
230 192
417 709
399 989
802 961
184 780
41 901
230 499
175 598
348 106
311 22
295 685
41 534
996 782
447 630
139 129
92 103
628 337
629 184
340 941
392 867
945 73
139 30
414 404
399 608
37 691
591 252
977 301
380 793
347 541
702 730
311 714
906 967
923 815
543 14
286 125
15 673
769 69
555 436
811 974
884 162
299 242
279 952
391 674
219 443
238 389
518 203
560 477
51 738
923 870
932 789
312 246
518 90
846 887
467 850
613 503
394 484
180 437
74 912
419 779
464 352
427 372
463 922
498 899
262 582
393 309
583 678
674 926
415 816
894 829
761 505
520 360
834 88
122 870
88 810
355 244
388 606
565 329
70 793
810 352
899 842
302 316
904 884
18 776
35 464
52 594
700 454
645 451
979 265
982 908
567 534
54 591
390 589
236 410
841 249
714 73
418 666
455 917
547 934
978 322
80 905
76 473
118 753
945 139
374 623
862 720
700 155
371 279
334 393
294 766
267 496
116 64
765 40
861 392
148 341
663 374
41 643
959 406
180 934
179 807
721 654
719 911
337 133
817 179
450 444
802 841
56 603
275 699
612 624
426 437
889 545
160 521
56 970
823 786
557 194
523 126
85 577
842 824
574 543
30 493
709 667
138 818
531 825
789 753
169 920
167 189
426 9
963 802
341 250
432 682
731 270
325 976
273 874
401 317
937 387
282 712
636 129
629 185
602 17
855 993
679 183
916 603
170 389
173 866
264 194
692 2
765 980
350 138
939 475
317 67
247 774
677 291
493 531
520 241
278 193
688 903
563 53
184 742
205 772
739 340
61 288
121 13
36 994
884 750
442 441
499 648
61 401
317 519
551 147
880 893
59 176
118 733
339 160
324 180
14 904
951 505
357 780
504 464
927 303
749 806
953 525
331 917
984 969
950 162
155 107
946 715
44 89
64 935
765 225
769 563
509 931
497 923
152 10
964 169
219 114
458 774
440 261
594 410
685 881
869 20
792 73
314 405
613 31
650 107
707 86
464 269
837 967
971 477
94 668
440 99
904 402
833 540
7 555
339 341
177 772
159 892
895 876
99 417
194 65
34 758
826 522
331 88
307 147
489 788
143 313
184 326
627 60
848 861
373 670
923 598
160 447
469 171
576 631
867 88
446 597
970 698
226 588
826 991
666 616
348 250
818 799
427 479
269 85
930 881
753 818
614 765
890 125
308 376
650 572
108 210
442 490
784 213
628 415
66 762
490 414
149 737
421 588
940 556
359 176
698 522
145 634
257 832
644 596
707 728
444 402
727 645
766 373
841 2
102 968
976 759
386 279
98 557
811 326
598 870
729 757
181 572
419 325
665 157
98 924
229 358
12 460
146 858
111 902
723 741
927 138
287 747
952 616
292 691
849 170
129 168
331 134
792 54
186 269
246 949
872 356
321 482
297 122
584 440
641 215
332 166
116 637
48 757
102 568
414 900
939 103
885 943
337 649
412 253
644 432
493 6
830 415
479 55
523 501
37 803
969 889
659 21
751 891
648 770
959 846
357 59
821 873
400 443
471 928
705 960
534 302
341 404
714 926
679 460
921 792
908 960
460 518
317 139
389 526
908 562
178 211
899 177
227 354
415 659
273 382
667 42
600 119
925 878
678 222
753 687
939 862
466 504
925 799
16 55
823 468
460 970
763 739
323 558
509 295
419 3
496 958
81 608
27 582
949 671
839 735
310 427
975 431
168 428
998 68
353 172
470 557
197 811
685 6
617 848
763 958
350 735
225 547
574 453
820 642
162 52
399 257
902 408
299 245
618 477
177 529
363 966
73 960
720 389
204 302
612 691
519 161
712 233
622 364
949 196
971 532
20 168
574 755
850 651
986 123
20 287
756 609
786 342
803 912
207 780
796 383
7 640
212 630
527 505
450 831
142 921
345 19
843 828
589 51
881 210
442 878
743 684
3 240
952 771
434 886
739 93
575 675
78 969
981 248
710 462
243 385
592 425
378 798
75 257
273 346
771 487
884 612
847 656
403 811
558 989
300 565
152 34
67 834
878 850
745 414
535 503
115 590
791 105
153 813
67 979
906 370
182 416
605 349
171 945
904 546
193 685
982 879
326 899
112 571
945 27
16 817
783 923
371 135
978 101
617 675
48 226
908 376
766 28
733 205
537 98
573 612
524 168
31 392
34 188
953 466
437 161
839 577
208 375
997 953
245 900
393 779
121 654
358 749
197 545
950 481
290 500
884 412
81 409
778 1
531 715
558 27
826 277
242 108
93 922
462 601
359 775
695 629
851 811
670 301
29 333
857 298
696 1000
111 483
445 171
321 101
375 430
804 886
949 363
277 978
126 57
121 465
190 833
908 660
860 969
75 3
226 941
722 998
227 476
544 10
249 372
51 42
622 823
374 168
592 262
795 187
642 235
531 357
827 522
700 372
576 778
792 887
573 83
891 21
482 980
618 807
783 680
92 667
183 844
310 126
775 520
334 712
874 453
969 995
840 589
477 192
46 643
11 820
215 460
365 907
499 425
392 941
909 932
949 727
14 824
733 160
429 718
573 535
685 61
318 958
547 164
729 777
594 121
171 712
228 911
546 500
674 289
971 865
493 477
366 789
647 22
600 649
509 787
609 264
172 837
390 148
229 180
233 817
120 262
310 991
114 572
261 137
235 880
47 664
203 612
128 338
494 155
483 134
411 677
104 177
86 993
858 70
167 160
423 826
84 510
928 376
490 825
56 35
603 726
100 788
337 590
263 866
882 540
431 396
70 580
200 834
702 9
799 913
91 744
126 925
942 619
929 530
852 836
986 631
553 328
501 551
539 237
903 772
61 97
64 139
482 150
269 84
145 462
738 71
701 49
905 596
781 249
767 464
566 901
36 944
936 126
679 670
471 631
634 391
192 158
926 857
528 280
287 257
473 747
862 399
656 252
857 525
272 245
162 131
410 367
453 331
400 841
55 11
651 256
68 150
768 740
945 956
528 228
931 225
608 82
664 804
917 62
137 612
29 654
157 377
497 902
668 875
500 575
622 486
750 667
932 620
976 820
261 348
890 806
440 491
513 995
223 500
389 56
891 432
970 39
237 222
925 7
801 25
181 823
700 777
717 165
740 26
907 917
947 736
410 923
842 402
277 921
683 234
134 550
385 988
152 961
670 519
263 983
303 90
70 819
477 723
387 215
268 16
883 897
899 176
97 15
407 121
715 761
527 856
313 908
153 935
979 367
598 455
710 141
838 470
896 841
642 357
625 411
255 32
572 230
211 3
465 550
800 505
309 861
224 203
975 136
297 529
944 724
118 747
693 967
840 389
857 617
225 215
975 102
932 460
989 237
955 37
689 241
286 321
642 169
518 452
185 946
112 766
168 544
962 650
300 37
817 149
728 536
656 277
175 807
860 237
475 9
431 366
99 869
29 658
160 751
55 674
906 84
963 157
982 17
973 108
276 172
261 176
216 677
309 164
332 203
546 113
837 926
872 876
851 782
28 824
51 386
114 307
76 87
762 594
932 357
825 253
240 328
675 459
613 665
778 686
543 866
778 736
571 937
644 203
647 960
248 690
526 179
857 24
915 376
165 121
597 102
601 99
804 640
734 449
80 406
331 478
424 76
526 461
307 281
625 310
668 186
956 954
829 164
903 733
390 944
541 528
256 730
139 624
451 674
987 788
948 534
879 802
74 135
274 581
41 854
775 551
425 567
266 629
28 628
413 738
939 447
469 678
245 335
945 137
71 711
599 535
918 196
900 951
748 172
234 99
624 423
50 593
768 684
220 417
721 652
938 912
632 33
281 291
15 534
760 80
914 905
402 569
37 806
315 716
337 20
580 208
690 528
431 966
346 234
186 339
902 389
704 668
579 280
500 631
158 149
877 547
470 155
644 101
637 227
318 956
263 603
433 896
161 497
803 574
109 475
94 561
954 702
506 313
471 517
511 552
402 12
149 210
8 491
707 299
378 383
711 339
470 327
130 898
458 311
688 716
651 48
276 493
705 911
304 864
882 737
13 173
259 472
596 471
361 994
587 606
606 232
364 243
147 623
832 165
248 428
231 157
876 86
827 634
774 935
135 603
600 48
502 400
22 75
540 396
335 48
905 793
818 42
303 598
434 803
400 991
58 663
610 328
24 539
975 64
82 241
616 841
965 58
859 555
396 363
235 927
862 690
46 287
12 347
931 119
415 174
589 591
348 195
836 184
528 249
608 951
475 192
439 933
722 67
462 510
747 412
863 790
349 600
246 903
561 208
158 102
128 53
863 935
20 3
538 704
245 776
380 33
146 681
333 341
206 669
416 367
659 285
734 803
552 843
902 131
394 442
786 1000
939 138
703 125
579 163
302 702
841 278
929 912
466 287
167 304
118 294
464 697
311 677
167 385
706 85
801 463
285 598
35 831
820 307
558 713
988 440
85 508
572 509
455 283
458 13
658 548
634 162
681 19
790 415
684 457
231 889
406 404
984 508
14 729
986 662
642 653
836 728
329 26
757 122
996 902
5 779
390 523
82 782
235 352
150 139
672 631
250 623
897 790
957 618
634 713
943 555
125 450
278 908
76 650
7 52
11 49
604 400
163 842
239 997
349 523
311 787
387 882
842 254
980 659
90 909
203 742
868 668
615 385
618 487
12 556
15 767
287 634
60 980
59 523
42 80
47 718
871 616
360 26
214 341
414 891
632 422
804 775
346 964
517 827
901 412
523 358
781 886
214 55
878 30
511 531
494 295
497 449
542 273
912 890
659 23
96 961
299 740
874 932
915 702
797 907
898 175
593 760
647 991
333 102
779 349
584 965
807 661
61 19
85 164
820 288
572 385
700 334
317 250
726 670
400 234
53 800
827 565
633 774
761 313
446 849
361 587
748 81
701 965
574 429
795 384
463 54
466 502
250 417
970 934
364 473
194 749
27 683
16 184
948 849
76 968
139 130
698 927
623 155
573 493
825 565
561 429
253 145
327 878
257 76
663 732
547 127
435 973
154 623
393 749
565 591
638 911
619 270
289 972
767 617
123 357
662 357
195 38
290 494
375 817
871 652
117 356
860 419
56 298
609 613
150 829
412 172
929 126
414 998
989 882
21 576
351 329
540 453
377 582
178 689
512 177
952 440
955 831
192 637
670 326
378 344
786 835
199 154
956 866
833 228
66 205
360 562
17 279
473 245
209 723
431 52
198 353
330 710
74 434
52 686
526 466
603 883
749 763
143 902
202 78
773 539
390 945
282 38
325 132
761 340
718 988
349 30
889 271
541 640
832 220
233 509
857 731
434 828
932 3
865 224
538 134
81 561
922 25
338 160
28 740
503 906
399 675
736 371
615 5
338 51
622 509
234 96
179 737
898 177
3 463
119 382
513 366
418 285
533 867
845 913
206 117
723 333
873 472
655 688
458 926
573 723
800 351
599 855
471 448
272 762
846 180
119 498
564 621
267 945
683 361
955 524
601 736
313 188
995 440
831 6
869 479
321 345
928 495
986 456
570 796
735 442
186 549
886 562
155 734
848 229
5 432
354 370
523 575
968 734
751 701
165 314
705 797
32 97
755 368
53 582
592 504
614 837
328 498
905 429
639 402
70 907
273 171
939 762
889 315
887 704
853 336
710 187
822 769
749 735
145 369
330 191
154 449
636 695
322 779
423 855
199 595
675 649
996 107
814 212
88 500
337 658
951 325
884 792
867 586
942 120
46 429
68 301
987 529
895 440
128 970
680 167
827 200
743 116
520 671
962 832
139 91
215 300
567 59
825 584
129 65
279 799
854 973
50 709
859 889
695 151
128 135
152 13
940 30
907 431
980 751
587 851
347 186
920 18
738 809
461 142
82 709
30 445
241 364
59 607
285 17
254 686
989 777
651 640
527 285
267 699
473 482
221 772
536 192
321 153
352 17
728 711
359 954
360 876
913 490
273 843
791 521
612 58
117 580
298 174
616 189
810 98
83 163
354 137
541 147
619 671
482 37
869 792
899 231
62 539
544 246
620 33
88 178
107 700
804 238
562 486
999 191
641 989
382 135
918 419
490 44
571 269
664 665
7 273
210 927
702 63
410 365
839 756
291 344
864 480
153 5
104 565
691 542
323 853
840 329
409 802
487 530
789 144
936 956
421 828
704 392
617 889
524 227
638 1
141 685
64 819
724 554
29 652
780 964
488 178
859 837
509 836
647 116
284 638
176 351
77 17
730 845
559 974
533 494
920 925
632 423
483 343
674 728
750 507
588 498
418 470
475 747
81 368
446 56
602 178
341 206
198 713
226 670
291 20
333 94
761 501
311 795
194 498
754 460
597 366
467 521
468 822
677 390
571 911
915 497
679 376
123 360
293 30
705 118
178 206
58 776
331 308
633 660
151 1
390 827
545 606
529 433
732 728
622 604
952 584
904 811
601 295
917 214
127 23
883 717
317 987
672 694
288 719
933 305
439 40
890 988
597 644
301 455
908 113
214 1000
842 253
625 763
455 834
296 729
64 341
175 707
469 994
737 114
576 304
23 527
49 144
483 421
345 777
487 706
992 32
77 322
224 922
426 586
842 823
399 413
71 912
720 602
681 996
43 463
879 733
22 821
67 453
656 678
305 456
159 509
806 872
573 831
461 197
427 61
524 485
12 721
758 117
586 698
879 19
920 74
927 919
209 133
265 187
160 975
83 319
469 523
384 775
499 914
116 604
435 407
163 677
80 5
794 833
855 872
124 214
622 77
311 974
609 838
49 278
651 601
583 674
51 309
312 839
327 241
170 316
562 65
431 55
969 628
342 982
670 641
630 357
705 82
620 331
527 777
625 660
437 883
23 510
995 825
448 84
801 720
587 227
182 645
936 425
573 76
294 567
937 572
214 252
690 232
699 589
774 771
183 869
993 441
44 557
300 967
853 669
432 343
257 796
439 12
280 683
567 816
509 200
727 801
22 399
315 115
814 923
549 406
420 688
257 62
25 657
13 351
874 17
96 241
133 532
742 24
546 495
68 127
915 542
219 253
292 615
412 841
90 834
987 240
21 272
831 291
101 66
413 70
968 771
499 486
609 535
654 567
439 662
704 781
202 693
281 748
467 901
746 408
935 133
252 65
61 549
116 688
803 486
13 642
877 835
378 323
327 294
310 505
556 792
190 106
308 497
221 848
203 237
185 362
345 58
705 867
318 142
584 544
531 27
240 374
976 314
939 334
869 513
782 136
307 40
492 20
701 328
79 596
688 861
765 833
1 774
925 561
31 614
602 686
1 695
494 446
350 424
776 351
688 955
897 947
670 895
123 638
992 573
455 599
593 882
357 709
128 685
71 391
853 253
900 631
806 914
465 620
62 862
301 510
453 195
382 251
20 602
371 326
851 180
140 915
653 331
214 643
943 652
215 446
534 54
58 503
638 234
803 51
435 919
558 299
101 132
428 914
436 735
458 947
580 54
599 890
128 55
916 80
427 5
977 382
678 54
841 567
56 857
826 325
129 915
495 338
423 209
280 353
523 239
446 178
104 37
871 727
696 681
489 621
789 672
575 211
224 22
173 928
360 877
724 570
447 445
375 399
190 676
855 897
472 214
716 73
403 680
105 948
908 699
730 349
839 397
342 943
623 522
915 325
237 508
518 610
672 94
1000 571
657 782
305 665
754 502
442 660
132 206
762 989
725 215
452 557
606 202
662 744
644 931
869 872
396 84
344 861
370 997
593 862
780 306
302 90
620 177
775 617
338 214
339 211
145 638
774 675
864 775
407 538
926 638
784 83
993 195
336 586
888 487
210 47
33 622
895 300
128 838
918 893
885 454
427 818
854 895
965 318
787 95
770 316
920 337
414 95
732 462
346 305
367 101
214 321
318 699
101 9
272 707
298 847
280 206
281 571
176 303
711 721
626 811
55 633
816 799
554 968
48 745
981 932
198 703
234 244
5 213
522 961
82 968
122 621
298 996
215 740
57 254
167 321
687 638
947 741
180 252
535 954
41 274
811 306
613 866
619 226
6 760
625 434
213 116
235 740
587 267
442 854
449 134
51 246
566 683
295 864
91 713
496 103
388 295
100 617
526 69
507 633
127 304
420 144
244 636
283 392
66 568
605 581
349 135
611 204
280 649
170 522
444 253
54 612
880 219
330 244
482 923
232 826
892 850
137 51
831 997
541 811
211 56
413 652
306 476
183 38
820 784
580 548
693 885
896 537
932 463
2 916
615 112
603 616
827 96
51 440
759 869
315 308
408 210
409 831
138 455
653 484
603 665
811 948
411 886
922 455
16 518
256 53
556 128
314 375
891 187
546 170
968 232
181 197
328 647
235 292
121 751
195 441
430 865
632 452
63 118
948 124
360 135
158 350
787 394
796 664
702 283
578 285
6 274
355 908
915 46
281 12
173 1000
669 995
212 626
194 389
982 106
783 111
663 945
471 979
365 172
882 790
425 239
834 85
422 592
91 676
592 143
95 84
118 159
894 240
782 92
765 956
769 855
351 783
463 833
246 115
545 904
602 715
734 452
383 190
210 544
304 677
356 870
253 670
658 824
365 752
224 396
563 77
654 308
406 205
658 986
970 984
292 172
938 985
723 128
407 749
784 12
291 108
554 682
884 949
193 850
163 38
770 450
58 464
849 443
480 418
979 840
694 301
567 209
290 191
249 395
58 67
833 975
405 222
284 897
357 245
233 63
57 265
883 149
591 332
522 325
491 281
785 801
626 913
592 513
475 903
428 503
410 870
289 95
653 680
741 49
707 97
397 977
659 258
437 496
590 302
354 558
461 458
251 922
694 792
204 44
649 393
545 104
315 676
934 410
57 822
705 866
578 400
597 436
377 721
881 97
539 487
795 913
541 141
211 631
951 786
460 507
354 82
541 318
196 785
657 801
18 989
240 85
293 213
951 985
546 341
123 640
697 554
580 920
689 737
246 206
617 914
682 318
576 981
304 464
784 653
308 852
257 552
791 137
560 737
525 93
763 574
872 891
589 874
917 723
532 695
951 101
793 127
79 350
742 426
854 848
67 382
253 87
879 263
715 878
33 511
44 86
194 615
862 866
208 343
618 268
195 83
604 173
146 533
441 55
295 180
685 876
979 563
746 362
910 627
270 466
565 935
34 785
56 201
932 810
367 706
759 657
959 115
816 707
48 605
17 546
293 693
792 364
21 902
137 153
526 989
200 450
527 396
985 381
469 84
622 10
94 419
152 634
227 30
502 900
449 8
713 959
791 632
441 604
351 161
759 36
502 55
880 239
695 1000
459 832
540 47
62 319
501 197
356 728
313 200
470 56
165 62
764 692
315 188
514 545
554 814
494 821
316 45
524 714
980 4
52 198
417 834
624 38
71 469
771 35
476 299
314 570
66 759
913 854
509 429
970 897
308 808
189 88
899 391
634 498
248 169
858 942
607 453
496 919
6 574
533 967
475 259
900 906
429 462
16 893
809 485
848 66
77 348
993 819
441 876
561 23
870 27
229 353
466 853
874 86
31 447
159 138
987 285
590 938
684 475
871 903
896 633
115 958
993 541
203 616
807 62
650 441
501 835
584 445
712 242
87 218
759 197
533 492
918 206
884 464
726 503
284 43
582 875
608 402
717 208
989 875
167 243
208 992
63 418
639 899
476 933
351 487
482 370
890 631
66 117
527 480
694 627
236 569
153 43
739 838
276 712
762 635
563 436
765 550
342 857
327 15
593 765
833 142
138 696
939 257
218 586
939 550
816 378
835 729
506 193
696 369
616 456
219 806
601 436
912 313
641 797
903 9
527 14
992 631
80 645
619 808
212 130
106 909
412 604
970 82
205 327
760 386
705 263
409 194
567 953
329 59
917 666
189 184
524 972
374 517
72 787
913 707
790 11
205 553
852 304
659 956
132 964
386 500
922 290
372 157
908 337
309 748
382 274
478 769
319 263
233 66
362 870
660 321
590 902
868 556
794 651
776 946
524 272
447 419
68 916
768 994
719 727
668 843
794 570
410 771
431 927
676 570
842 782
682 571
811 853
3 912
479 995
940 375
688 152
228 161
626 844
493 195
384 793
412 175
454 242
285 320
846 1000
461 438
262 681
52 117
598 224
21 958
208 859
200 168
947 704
773 68
924 208
653 558
126 808
255 652
347 721
499 886
5 379
578 175
400 357
464 531
620 310
88 991
929 703
473 875
237 258
437 960
98 72
668 92
942 679
49 532
863 227
941 582
767 263
880 105
878 996
205 794
277 637
761 218
923 167
546 950
396 29
885 121
852 118
31 819
468 383
287 197
861 224
116 910
184 814
115 962
767 202
880 934
365 930
429 389
822 356
89 864
128 912
680 349
438 125
885 268
667 585
121 439
193 962
686 571
188 707
64 593
380 827
253 35
751 292
129 235
546 348
30 53
675 160
401 747
917 227
197 701
855 127
26 191
777 993
483 256
502 620
525 815
552 851
637 887
389 124
530 618
512 225
143 13
57 196
759 317
227 148
890 572
262 661
467 741
963 808
380 366
91 997
790 843
699 738
645 627
367 592
873 865
392 14
99 703
15 244
806 161
476 796
972 185
497 287
779 513
504 717
484 611
770 686
933 802
484 778
554 41
496 81
648 174
740 316
526 147
964 932
749 442
287 651
134 780
709 604
412 742
796 990
348 740
311 400
477 904
460 730
260 577
46 214
672 641
340 503
822 951
733 360
662 812
581 308
965 917
864 332
58 659
97 127
371 328
379 105
9 20
849 533
758 999
137 913
813 3
816 297
564 959
995 114
720 661
718 128
367 466
519 433
690 673
379 544
860 209
897 89
292 645
580 48
907 416
565 644
472 749
586 609
670 686
979 562
39 178
977 181
635 561
191 119
817 524
11 469
394 471
679 896
324 532
623 80
720 209
702 149
946 783
929 59
644 474
203 826
415 833
303 367
881 435
96 825
26 640
701 505
313 479
134 570
291 653
535 630
863 5
97 622
593 545
758 357
761 455
965 565
69 512
715 18
398 994
862 199
97 991
95 316
891 821
50 495
503 523
456 554
455 676
443 804
819 385
767 479
967 265
594 643
898 361
649 578
796 919
362 335
556 397
535 58
258 2
791 172
121 156
619 109
987 705
714 395
951 426
311 641
525 465
272 377
634 725
764 644
653 365
894 3
918 883
374 843
270 738
399 442
917 57
24 392
298 555
64 921
618 80
270 653
54 228
33 739
646 792
461 222
851 328
181 239
423 102
225 763
445 554
63 207
565 777
825 948
242 94
479 799
228 29
747 74
693 245
397 536
803 621
623 116
851 889
782 437
124 205
53 199
455 183
458 617
114 503
467 669
564 245
364 883
592 22
166 57
294 66
740 406
635 168
342 862
92 869
398 220
38 682
591 921
540 925
874 819
356 622
433 575
971 59
683 911
374 94
305 581
89 478
715 62
93 510
631 866
852 893
635 359
164 159
955 381
224 482
637 850
233 914
944 784
265 869
912 216
143 844
991 520
667 846
260 680
201 870
763 761
582 95
359 210
913 706
699 337
483 986
491 619
537 287
168 406
131 554
685 239
244 417
872 906
943 715
638 209
140 804
988 32
186 102
775 898
867 869
330 111
373 32
555 540
883 187
79 390
337 35
51 973
582 539
333 402
16 632
570 435
147 478
795 491
901 585
155 827
617 116
253 352
401 671
309 62
166 530
298 801
318 292
265 184
127 113
290 349
128 352
43 127
426 141
393 92
509 568
265 213
545 66
70 204
485 575
77 741
190 988
265 491
530 297
269 467
215 635
734 537
844 73
67 794
496 167
606 120
852 588
208 68
512 87
778 570
606 358
643 504
910 134
145 504
164 300
168 331
669 164
122 434
982 532
16 363
92 542
969 413
919 61
481 17
407 777
581 976
417 777
584 324
166 624
499 693
869 487
210 49
865 228
724 169
656 57
819 663
747 61
36 171
116 473
44 334
373 438
162 257
550 948
348 244
120 139
504 298
152 134
206 121
391 985
233 61
140 607
947 703
676 889
769 9
368 788
839 576
556 215
945 840
682 653
20 116
126 934
288 678
707 210
870 258
673 838
161 170
807 311
579 428
726 461
618 330
506 608
947 658
626 881
219 269
826 287
865 778
479 855
119 236
14 255
431 656
768 156
454 531
682 830
699 628
812 685
693 94
256 607
686 989
66 186
527 475
342 791
470 344
644 261
83 933
946 477
947 844
86 296
913 300
204 867
334 790
833 117
373 820
619 580
503 433
490 624
161 560
1 795
199 920
827 659
826 962
938 792
5 751
562 668
416 326
323 851
277 559
39 896
577 505
942 307
289 711
572 308
974 704
961 971
980 81
697 817
765 563
575 816
465 609
547 511
565 336
220 205
791 248
10 543
690 493
589 761
510 130
438 175
25 122
962 813
120 56
736 130
851 179
409 836
708 360
600 625
314 203
105 70
430 669
508 316
898 435
259 335
559 832
418 20
539 195
54 136
238 469
275 645
393 954
254 579
663 855
636 367
357 346
506 644
927 578
218 48
898 836
650 229
389 95
947 541
674 255
547 631
209 791
220 885
263 220
521 144
462 814
764 122
113 8
997 492
35 853
477 600
61 921
998 910
252 548
36 585
293 102
630 305
700 703
127 891
909 348
127 281
717 767
795 157
616 494
9 512
837 701
994 55
867 319
857 885
550 304
718 694
60 36
953 999
258 3
496 570
100 258
505 316
213 755
745 534
616 938
179 684
591 115
349 356
870 142
727 627
230 41
638 186
34 284
767 786
325 267
733 158
609 400
900 795
928 530
907 225
853 805
98 504
162 440
571 92
793 202
171 298
355 689
546 274
12 602
534 307
355 550
543 419
67 122
158 71
826 245
685 846
669 329
228 143
945 737
803 671
237 839
717 125
332 221
821 730
891 438
705 526
413 492
450 931
158 496
96 919
70 87
844 215
916 708
355 994
137 187
446 399
29 381
307 839
875 138
243 665
658 414
878 381
130 583
117 725
616 300
523 712
288 263
557 501
937 254
351 586
518 589
631 972
905 408
302 296
196 875
758 497
795 121
389 664
84 224
446 971
181 902
767 365
236 491
23 71
80 647
325 171
199 646
684 998
280 548
987 703
93 48
130 58
536 144
118 749
102 294
657 299
344 602
842 249
71 729
803 976
903 298
780 55
775 697
966 334
662 55
962 789
552 317
127 599
183 193
703 542
975 293
172 86
311 218
716 923
236 845
662 273
777 745
831 442
153 263
751 371
962 422
724 697
741 985
326 911
750 697
732 348
573 940
977 99
850 755
873 146
769 383
631 511
190 227
878 487
473 429
988 532
561 326
480 803
289 259
790 941
973 473
939 201
118 496
299 694
651 605
618 920
602 5
15 146
846 648
868 320
798 559
725 368
237 367
274 507
518 670
509 891
692 165
51 215
435 180
661 878
759 159
528 553
213 887
127 209
60 877
306 10
880 107
678 306
919 60
614 700
525 165
619 790
361 554
732 559
74 129
249 501
4 105
529 179
220 234
741 920
394 860
103 159
965 64
412 832
842 285
520 537
758 921
637 712
787 223
227 50
415 176
326 533
112 641
612 794
745 383
788 685
86 440
82 440
577 247
603 742
767 955
476 831
793 130
968 25
984 787
107 932
111 52
37 945
632 261
635 678
750 341
626 799
427 170
746 388
214 150
307 624
879 160
204 472
901 334
795 711
645 389
445 962
872 50
998 566
378 423
803 548
365 107
207 888
703 71
440 173
200 173
431 497
824 19
623 397
626 419
97 727
85 126
32 102
967 112
477 873
853 467
749 440
236 13
734 276
312 581
44 856
528 533
363 146
644 971
147 629
991 284
169 493
545 538
286 692
640 818
643 245
761 244
979 301
469 723
183 837
899 428
942 18
735 569
335 175
637 635
413 625
819 754
987 532
644 527
850 228
432 85
451 307
567 129
275 513
538 953
600 626
339 390
620 525
401 939
571 51
872 192
71 267
688 238
380 857
863 796
728 799
941 366
548 464
876 837
642 909
94 874
76 465
132 523
483 465
550 257
359 868
747 688
760 709
355 747
838 229
673 210
548 694
972 874
191 198
696 796
644 452
955 781
544 720
930 200
450 975
808 709
937 487
151 933
748 935
167 447
126 870
986 975
350 587
170 752
208 579
744 661
981 200
454 56
886 295
406 319
629 375
762 72
466 381
891 676
197 507
883 756
710 113
593 850
376 370
123 911
926 181
116 380
795 299
10 673
46 99
818 200
358 145
857 534
676 254
144 423
58 693
175 437
120 998
121 275
196 347
750 870
537 257
779 332
525 288
429 459
987 481
70 455
383 516
633 281
941 432
889 242
653 508
770 312
497 558
522 393
675 237
346 317
189 833
280 163
445 695
941 338
746 314
112 865
788 586
674 62
569 332
551 868
828 827
601 547
924 855
414 908
682 868
642 93
322 119
217 859
713 894
707 344
928 155
750 222
807 941
973 389
596 704
248 814
265 350
764 270
584 636
14 67
994 263
173 674
126 642
986 931
402 368
557 1000
118 38
467 362
365 631
558 606
246 154
429 986
178 90
126 636
443 834
524 745
541 517
766 556
123 570
435 486
678 358
277 471
248 345
84 967
11 359
723 232
724 151
232 845
323 534
619 343
197 241
469 892
583 798
154 804
796 667
859 788
897 884
275 968
728 624
716 773
244 466
63 958
979 801
157 421
874 73
894 396
987 378
720 607
478 919
867 59
675 137
474 458
113 570
845 201
559 891
379 347
591 394
403 539
6 500
561 867
138 180
747 888
52 338
916 507
60 869
781 771
696 869
90 60
916 362
811 116
243 598
685 595
584 698
50 284
90 431
16 89
93 447
616 107
982 110
17 265
540 98
946 390
965 634
583 959
360 583
307 64
291 583
244 557
425 909
302 325
451 909
606 247
338 489
287 416
182 670
364 277
295 917
758 77
244 583
415 268
112 341
213 801
685 414
67 987
155 222
611 970
680 177
476 12
746 958
983 575
676 901
245 618
758 7
825 566
140 295
755 821
940 929
558 272
798 259
234 268
439 975
461 19
851 503
484 244
710 154
152 422
409 351
85 584
765 54
363 922
234 558
306 915
935 508
224 520
447 166
261 46
712 412
532 239
240 397
319 841
947 688
488 331
272 955
165 339
347 528
494 481
846 634
761 718
288 98
221 988
441 580
78 787
317 489
674 554
91 644
187 965
832 414
133 407
544 2
628 824
5 749
83 645
594 773
987 939
762 53
839 859
861 831
994 128
151 437
227 563
429 179
782 713
927 337
715 294
398 726
457 58
117 192
987 742
309 926
1 453
495 967
558 227
301 10
699 411
611 631
807 17
63 528
927 123
343 352
550 982
845 990
349 655
478 845
745 346
598 962
489 20
759 809
371 905
908 2
452 334
578 524
609 832
640 151
90 210
555 260
557 430
280 358
321 398
808 936
309 229
366 494
281 55
744 218
565 980
512 192
34 668
678 733
294 202
77 730
428 644
378 299
839 362
929 484
990 722
479 107
502 920
765 542
159 901
860 822
330 793
857 40
990 674
545 987
566 883
456 990
844 369
972 446
684 583
852 868
17 243
187 719
26 323
374 275
781 241
31 982
288 586
566 925
93 185
224 328
810 579
236 679
37 419
261 895
486 42
767 143
434 593
932 464
812 932
405 48
542 531
89 861
693 574
92 187
404 111
243 1
964 103
267 785
399 308
392 574
734 365
413 152
513 74
417 93
381 260
876 205
669 327
707 172
673 780
823 706
558 650
404 316
427 245
103 840
695 980
619 186
920 786
351 338
8 332
195 868
636 508
959 548
492 292
899 764
423 982
155 668
446 397
229 515
624 555
15 184
25 852
56 455
791 555
294 65
722 644
541 192
998 985
394 699
739 219
976 263
100 903
640 558
991 433
250 103
165 812
164 267
882 544
598 364
892 649
396 230
126 637
456 585
753 725
149 554
313 916
706 709
690 254
514 432
365 664
773 651
839 944
54 744
970 929
53 971
58 743
23 807
425 620
559 337
118 739
709 452
582 82
804 40
499 504
56 904
858 817
548 85
549 508
37 229
873 340
694 346
736 76
556 351
4 498
470 917
162 474
570 463
842 552
662 279
833 919
650 359
525 549
450 449
486 387
25 963
389 354
63 159
409 604
587 785
237 920
509 723
459 482
1000 158
747 891
473 258
271 914
413 414
613 18
272 962
238 237
831 175
441 845
830 465
542 485
394 637
413 271
839 783
511 572
800 883
237 803
383 18
477 621
95 962
354 216
320 296
377 681
288 182
531 114
754 345
518 668
777 278
448 396
341 447
269 178
705 495
994 411
188 454
32 602
320 246
800 192
801 633
584 887
87 796
221 266
60 136
631 835
230 728
303 868
514 485
3 120
921 541
416 164
931 660
988 451
515 981
41 862
325 30
1 504
239 568
261 806
577 685
904 555
689 811
323 757
221 117
880 553
538 931
426 5
903 153
962 887
449 808
653 434
819 950
596 413
401 973
932 383
295 665
846 413
946 716
888 147
872 632
64 597
822 410
883 152
223 667
59 874
409 655
767 522
73 538
202 894
497 838
885 731
466 571
986 258
306 912
648 647
332 144
778 54
513 803
271 983
823 522
555 168
22 393
636 437
431 669
675 514
18 274
938 195
62 91
941 972
321 195
854 471
782 368
742 167
548 882
18 165
647 638
164 731
363 473
753 81
477 625
646 434
482 425
222 337
307 46
113 323
352 901
494 704
351 217
557 926
155 98
455 303
79 707
345 985
123 647
880 58
643 358
682 256
260 958
616 516
598 404
766 538
145 362
681 72
4 443
154 456
410 126
528 309
273 462
351 669
524 769
952 254
638 419
284 137
461 979
112 449
743 28
504 107
819 756
552 473
111 662
112 592
538 993
461 835
577 570
83 177
214 645
215 436
316 893
128 880
805 538
720 762
292 931
370 447
520 646
529 282
284 883
763 896
513 323
806 968
879 258
24 332
868 529
375 547
102 857
676 664
237 574
552 646
977 688
172 175
779 145
160 559
107 570
20 11
294 414
993 613
607 454
871 636
233 824
324 641
773 452
521 443
388 870
394 808
450 43
489 448
465 33
995 477
725 556
617 339
104 186
643 483
189 511
173 922
924 886
235 609
622 15
414 688
900 255
316 998
759 434
887 121
689 694
436 319
386 532
369 884
892 384
46 739
145 155
532 593
43 516
688 895
391 883
527 222
820 340
697 519
611 73
779 821
852 869
31 576
13 245
273 136
257 515
634 29
570 74
19 717
923 355
191 971
844 935
519 973
741 845
724 125
227 959
153 540
359 170
642 440
594 929
166 782
728 743
767 142
185 556
941 29
139 239
34 283
988 743
823 25
898 368
154 992
410 534
139 124
729 876
159 369
166 45
625 899
519 401
349 827
357 8
593 903
381 146
315 631
354 798
512 272
765 107
492 752
377 848
964 262
661 290
152 270
983 411
513 547
643 964
972 904
994 944
464 383
68 625
307 987
329 823
981 807
123 3
929 948
325 707
434 862
294 70
521 2
389 850
374 176
247 162
928 12
36 537
754 306
666 944
309 156
401 29
75 194
577 132
61 43
264 275
139 865
856 461
970 921
71 150
532 740
883 948
112 672
277 755
444 4
673 235
598 365
844 741
792 952
188 1
260 630
798 980
926 787
572 255
706 599
210 856
27 818
948 682
421 534
323 536
306 470
325 458
832 911
183 60
627 290
392 927
390 382
317 694
690 432
883 353
521 934
673 739
818 460
654 670
380 701
858 899
111 566
556 344
229 384
241 626
269 678
775 15
409 690
159 506
181 350
932 570
517 724
554 302
388 536
355 583
137 280
157 197
252 197
414 204
742 714
897 310
536 498
919 945
902 33
707 139
601 652
177 920
806 589
57 66
929 943
172 311
319 966
677 752
661 439
579 210
601 942
284 494
412 219
394 634
414 633
865 993
755 437
95 956
703 189
694 592
623 362
348 388
246 924
283 223
602 435
160 386
252 760
947 517
933 777
327 238
478 658
520 482
450 768
759 653
122 220
838 766
734 319
772 24
705 43
73 337
566 824
329 367
827 760
973 794
465 863
338 487
435 343
164 191
883 769
790 351
477 976
300 559
139 619
286 750
399 917
940 607
867 457
460 913
391 273
766 729
880 844
366 715
870 875
525 388
254 222
698 968
978 456
923 585
192 509
882 885
859 631
788 569
955 88
634 521
272 457
243 455
585 459
334 86
228 925
335 923
708 391
211 681
197 902
256 120
884 192
392 616
132 373
858 423
845 235
167 963
789 7
405 954
450 71
935 510
557 328
677 771
218 88
369 412
26 919
243 391
173 954
857 391
655 892
643 796
966 588
39 491
373 621
744 15
691 520
353 498
583 750
380 363
882 933
169 790
422 64
170 505
706 215
906 437
754 235
114 650
61 881
356 595
804 975
307 49
400 509
878 312
915 302
347 816
611 479
294 793
243 963
320 164
602 262
674 667
880 428
821 615
611 44
60 318
523 866
84 180
235 960
437 248
972 491
666 650
667 127
815 47
448 183
378 824
417 952
828 170
633 966
830 616
46 899
468 297
128 676
571 392
517 563
732 957
783 803
899 318
828 392
323 720
659 906
827 192
990 396
429 484
875 828
519 814
415 145
608 977
92 34
628 412
785 980
704 420
814 809
513 322
417 341
183 266
81 832
390 96
16 338
621 838
68 90
298 707
394 321
108 957
901 293
578 701
328 596
995 476
427 280
835 167
564 367
982 202
674 251
19 50
542 290
32 423
285 779
288 17
324 823
313 450
544 322
120 490
455 492
96 941
151 791
133 376
116 309
377 352
178 851
690 769
453 986
536 66
373 788
627 837
739 415
334 993
64 133
631 475
66 559
861 912
992 609
663 158
244 918
407 647
240 853
573 141
728 916
322 871
141 225
804 423
753 521
663 124
706 897
762 297
935 796
240 563
280 746
427 525
780 15
456 491
462 1
49 108
130 232
675 432
124 379
56 704
145 913
828 754
704 384
686 272
859 812
197 973
516 823
208 410
794 689
279 827
430 701
380 888
541 790
509 860
312 392
658 633
812 45
688 99
941 335
120 421
76 496
560 982
392 399
47 721
871 611
512 384
694 952
733 606
113 893
828 822
611 555
321 360
358 909
587 597
646 206
674 799
103 987
26 894
463 679
514 987
36 239
189 326
458 485
22 738
313 478
655 50
748 902
749 91
843 922
551 421
22 605
285 561
144 939
981 853
682 423
776 32
575 688
906 757
100 528
804 662
640 991
848 594
223 28
355 418
126 611
108 154
201 776
757 771
154 414
356 984
144 216
348 856
40 25
991 742
23 176
889 100
762 218
690 79
875 73
970 943
37 500
166 728
153 207
418 765
115 223
25 389
813 420
11 21
287 13
89 782
589 701
497 749
63 903
853 852
732 139
25 167
499 24
923 650
546 451
588 99
90 967
223 673
315 698
428 379
214 428
430 729
661 99
495 445
236 211
372 552
300 317
963 135
169 654
441 113
1000 128
780 710
103 793
806 578
732 51
612 309
892 5
364 117
656 971
234 747
952 466
55 971
848 99
632 570
781 657
69 911
877 1000
889 629
878 451
735 478
772 340
259 699
777 58
288 89
125 756
43 673
523 667
160 387
87 568
456 826
420 989
539 385
425 97
174 676
982 335
160 498
398 812
790 626
776 220
388 258
339 852
936 706
855 676
576 975
754 569
825 768
309 415
438 523
40 102
75 604
442 425
975 193
83 441
69 118
914 619
663 420
666 504
443 65
45 909
819 666
64 866
650 596
742 310
672 968
654 712
641 319
555 849
693 313
595 48
119 822
174 429
512 524
330 281
474 651
382 304
2 738
573 633
775 989
334 183
85 883
727 420
323 930
234 267
492 795
501 995
634 1000
564 711
674 387
471 475
370 202
157 145
582 651
881 734
955 519
713 729
588 419
327 649
627 447
973 151
5 133
171 165
467 890
489 522
843 759
56 163
809 555
960 23
425 274
557 617
355 977
216 425
103 995
860 702
209 532
325 666
697 271
311 859
846 744
227 120
475 681
503 287
985 4
950 858
493 741
386 673
151 867
619 571
196 792
969 536
553 345
771 302
451 595
997 998
139 680
417 974
397 112
294 818
94 10
580 821
162 890
714 191
880 139
383 40
663 234
888 646
601 359
35 329
623 946
547 482
80 226
195 285
581 207
420 507
106 225
289 583
914 734
737 65
11 958
230 6
470 753
474 764
737 178
955 103
828 751
137 996
983 267
899 293
571 55
310 25
992 480
561 125
690 603
50 762
607 961
149 262
917 259
581 771
935 268
721 896
168 768
237 548
210 391
964 300
161 73
897 381
635 567
358 998
34 808
971 457
938 274
453 906
88 545
206 351
587 569
678 720
844 168
863 732
781 729
86 111
402 102
187 772
739 851
497 428
834 101
156 25
854 96
341 19
659 114
331 37
938 967
596 543
852 897
467 485
434 294
236 222
255 322
330 919
296 283
903 1000
143 476
726 793
674 700
624 895
236 109
588 794
154 264
446 976
106 513
287 468
605 633
754 577
999 801
913 958
400 747
753 703
112 257
165 793
204 753
979 205
616 753
690 168
528 275
966 69
605 283
508 469
19 828
723 208
597 759
219 625
431 81
407 530
818 343
250 629
736 308
941 27
11 986
732 160
236 983
982 490
702 856
644 166
81 786
599 560
717 600
837 363
626 750
21 126
647 222
177 656
968 101
132 668
105 813
7 204
459 507
940 138
980 608
470 217
988 670
475 885
114 15
445 917
798 823
267 577
640 485
171 237
43 942
782 447
730 116
694 731
462 392
146 421
226 663
668 290
433 855
839 331
114 320
77 588
173 781
765 575
718 915
907 876
857 9
696 137
757 992
994 498
909 379
914 211
574 377
635 381
839 143
273 362
258 222
296 21
667 38
938 732
616 606
14 643
176 714
676 143
469 663
148 608
573 832
390 749
526 344
804 43
73 39
664 766
348 127
974 991
421 997
315 110
905 936
391 205
215 393
14 844
823 206
500 977
928 930
395 103
989 275
936 897
280 997
376 846
687 53
534 353
333 160
550 31
461 357
58 137
704 651
501 959
893 217
39 227
587 169
981 630
48 318
108 902
733 673
5 160
208 52
817 590
855 242
547 677
608 437
721 234
540 682
781 656
85 259
639 940
234 891
420 760
238 867
114 277
924 942
82 823
673 504
52 995
364 845
527 114
578 281
795 826
429 536
898 864
322 488
369 899
178 235
777 881
900 358
478 142
286 861
930 973
473 526
102 364
614 689
227 539
563 85
292 69
450 123
537 704
619 541
887 532
690 112
747 97
982 776
905 821
249 785
31 201
527 724
344 571
932 388
606 823
384 402
165 563
349 310
872 861
101 437
743 74
727 577
419 812
622 166
966 687
129 450
993 771
704 346
426 535
764 569
379 541
453 554
94 520
152 59
464 253
392 618
858 421
694 71
987 203
807 348
475 927
379 48
998 457
266 414
565 730
439 81
593 225
721 52
884 480
635 554
873 881
472 566
436 913
988 582
863 618
669 189
363 700
459 225
812 683
947 692
942 310
716 94
513 706
947 760
290 605
575 388
318 807
192 595
863 361
925 373
263 882
982 398
969 829
659 89
872 239
365 136
728 436
123 442
182 941
570 759
956 668
978 836
467 441
465 372
584 775
469 267
986 615
606 324
937 57
386 849
424 388
905 475
322 639
35 618
861 906
222 220
973 828
79 893
960 485
583 189
700 511
991 680
300 525
946 27
692 587
975 415
607 344
629 432
129 61
595 256
337 351
784 977
801 981
469 847
662 918
496 611
908 50
898 248
168 453
444 626
70 749
77 432
495 161
561 483
300 81
854 872
233 114
590 854
733 566
797 520
893 959
720 539
936 744
186 395
618 502
162 112
751 182
583 970
423 123
281 550
335 671
142 737
768 80
492 542
664 97
439 717
233 718
954 758
631 418
668 424
305 394
66 502
470 412
807 55
369 15
722 525
282 654
246 759
602 87
144 675
750 199
58 860
377 757
839 503
599 842
920 583
565 355
435 66
938 855
776 6
207 494
248 757
765 788
910 209
880 458
255 466
511 932
841 497
970 215
933 33
257 512
368 892
738 91
689 517
451 726
641 954
300 352
18 731
644 827
188 239
418 612
885 709
790 244
315 212
79 119
818 197
123 883
864 267
257 851
874 704
459 644
814 105
127 145
690 395
850 197
263 50
395 122
501 748
996 638
334 125
524 149
211 754
567 17
664 816
524 356
376 930
797 669
449 567
733 555
138 157
111 216
294 264
955 590
271 622
629 683
122 515
969 236
110 32
741 33
367 947
560 269
851 894
32 342
431 342
830 392
817 529
82 848
251 203
749 200
79 963
787 87
645 29
459 6
207 684
104 439
236 172
238 934
665 642
888 771
333 946
691 352
692 207
843 109
648 109
647 865
784 605
93 503
203 283
900 387
223 307
23 492
695 527
400 229
883 806
774 971
206 519
425 694
779 931
541 512
356 986
819 482
400 116
364 445
274 597
59 297
447 902
47 312
451 579
151 17
684 627
524 964
468 466
129 797
609 212
383 152
391 340
427 619
358 1
750 775
366 524
637 719
353 647
998 113
67 657
395 102
396 693
496 621
888 123
997 807
837 334
149 204
298 758
893 103
451 44
716 992
347 79
898 629
2 574
497 862
119 483
987 31
902 36
725 911
566 209
237 805
309 168
368 604
60 866
543 675
857 424
198 656
440 40
591 695
300 239
130 771
627 707
905 115
959 768
428 840
469 20
131 503
494 441
557 805
411 903
854 169
13 967
192 790
601 254
585 705
88 935
549 870
696 166
936 373
648 9
151 206
190 911
38 324
39 917
729 211
571 752
124 573
298 366
188 32
390 940
339 948
767 412
953 944
734 239
67 669
944 541
837 238
585 797
626 497
257 874
63 615
154 897
847 42
201 633
310 384
703 375
168 633
160 440
462 127
708 371
926 718
675 74
125 415
695 23
906 794
565 519
32 824
453 553
717 332
718 223
701 117
765 922
447 463
529 642
110 271
519 107
869 226
906 124
565 729
582 649
820 756
896 58
309 27
974 359
116 523
156 482
458 222
911 370
843 536
660 50
21 760
298 927
983 348
351 809
94 573
534 846
518 451
82 905
711 438
144 696
290 602
521 206
152 615
725 374
906 432
13 922
368 816
132 56
243 855
597 300
84 465
263 898
40 919
203 453
978 837
774 262
28 232
353 45
457 286
882 533
666 614
723 619
151 210
407 68
160 353
182 716
848 540
779 922
971 721
283 331
726 733
412 621
14 713
821 711
495 748
844 699
526 292
884 764
723 822
743 139
193 747
303 602
641 639
880 875
275 809
63 654
967 718
215 451
167 604
900 927
444 627
106 126
733 179
292 943
119 788
250 817
48 369
707 921
358 136
358 299
947 183
897 81
113 628
954 34
681 82
370 157
468 204
300 368
786 683
290 442
403 137
777 948
615 486
102 703
547 798
663 876
778 470
835 27
180 307
646 225
329 991
262 734
798 828
893 482
531 867
803 966
255 921
789 551
649 428
248 937
160 239
235 613
626 110
592 34
167 292
317 407
190 927
818 604
13 958
511 833
95 6
226 979
84 501
393 920
450 747
145 159
809 944
259 403
44 939
260 888
1000 549
929 639
839 20
329 347
959 655
339 782
895 781
804 567
5 605
948 547
252 880
770 863
867 437
377 161
911 147
452 821
951 269
594 522
478 609
795 289
154 91
158 611
801 119
357 328
610 352
115 898
561 300
727 667
418 493
219 992
513 699
920 445
187 142
64 755
581 50
475 30
654 646
569 922
757 922
71 784
242 658
101 349
250 853
713 347
146 844
254 821
898 511
883 167
612 943
668 969
44 51
876 784
347 98
357 389
15 707
641 176
882 292
134 215
345 491
571 333
882 183
560 447
119 316
854 305
110 33
312 88
946 811
919 764
441 677
207 830
523 483
898 827
564 253
677 570
41 280
949 259
900 110
243 783
69 603
757 714
787 820
7 710
221 688
134 829
467 368
527 830
143 513
477 855
938 731
26 305
119 859
706 687
943 46
804 912
583 247
469 435
17 210
473 560
921 516
5 945
22 374
110 609
315 504
73 203
18 572
645 609
667 169
596 241
66 720
588 621
884 820
154 191
144 505
93 954
283 974
547 269
470 716
201 329
628 416
439 195
386 461
875 761
141 629
571 43
861 294
868 582
867 877
525 719
125 444
805 687
668 813
723 298
360 324
858 463
327 896
475 949
662 411
298 646
445 725
67 95
858 382
418 303
543 65
851 227
196 762
622 382
109 345
555 323
100 108
638 740
180 388
352 579
290 41
8 541
356 325
587 707
750 13
678 798
129 755
539 612
47 837
229 546
802 402
751 685
576 751
928 886
833 240
62 130
139 931
86 260
969 912
57 309
22 636
389 307
529 681
791 808
316 136
411 164
231 287
61 123
916 795
701 27
227 652
66 530
397 218
662 686
993 325
81 673
297 350
460 830
382 900
230 684
654 258
197 445
491 144
828 113
187 379
650 881
387 365
961 403
17 871
358 192
641 530
76 913
165 672
343 203
645 726
684 40
376 31
47 487
568 925
625 668
280 805
262 405
459 470
552 369
156 994
956 499
940 776
614 756
457 604
751 303
937 935
974 74
522 331
581 812
285 511
381 342
497 889
258 953
547 869
937 833
846 819
918 652
229 203
270 367
739 602
919 695
242 241
544 715
7 581
911 19
4 989
652 929
440 430
549 551
522 737
743 881
400 497
218 408
492 15
630 301
260 133
152 774
961 48
155 121
899 418
231 434
450 567
813 916
425 979
724 273
887 295
924 467
287 509
919 232
69 157
185 443
785 356
934 943
800 412
166 517
67 812
598 536
72 630
421 601
170 859
780 400
993 25
684 564
118 556
376 59
795 661
219 903
137 920
547 613
62 935
90 664
1 249
384 239
811 712
390 715
577 942
953 443
194 714
174 460
158 945
769 547
378 489
189 473
244 272
391 821
488 834
909 696
54 17
661 55
58 220
404 448
668 789
371 911
45 434
603 328
107 889
905 89
77 97
519 78
794 635
565 828
859 19
396 819
509 662
42 347
774 24
144 923
501 742
48 760
33 116
786 586
826 315
609 953
762 595
320 728
651 700
982 206
30 331
420 357
697 78
809 516
259 615
156 229
213 500
469 90
203 130
192 689
895 601
415 199
367 748
47 226
360 630
387 233
905 356
37 721
250 77
87 850
516 74
365 396
408 871
574 577
279 60
252 770
199 773
224 479
558 948
425 856
390 986
466 372
197 484
986 667
588 763
152 448
740 910
938 444
631 548
926 986
598 663
638 448
206 364
558 1
844 915
999 401
406 750
698 908
385 53
831 680
814 990
283 914
802 958
505 550
750 984
664 899
314 25
724 791
526 207
668 952
489 506
91 665
827 462
599 674
863 47
840 83
268 575
419 592
811 978
357 388
544 135
492 749
760 889
525 797
474 19
298 965
661 414
829 524
976 64
540 577
953 48
685 616
356 162
397 608
420 711
717 855
868 197
155 658
941 783
270 320
843 769
298 374
7 159
947 799
256 654
830 232
190 779
449 147
251 299
8 142
616 419
190 666
728 285
655 372
586 604
558 609
724 329
523 942
728 140
31 547
54 222
697 919
516 189
296 24
773 554
577 441
649 532
64 20
1 613
511 184
939 847
45 788
554 851
581 764
321 532
451 581
273 162
642 486
878 816
884 821
975 158
722 716
357 915
785 502
783 871
205 735
742 270
159 50
514 95
988 138
797 940
230 205
659 823
275 574
242 695
410 631
271 682
833 873
81 140
427 920
384 869
229 28
513 63
881 933
163 994
54 112
3 781
483 385
798 200
720 372
24 139
703 885
925 219
587 996
969 285
294 298
226 596
43 118
480 844
155 592
817 579
30 368
23 139
125 942
18 296
315 946
574 845
261 68
707 428
321 249
216 465
252 279
289 56
937 407
475 624
21 710
759 448
322 197
655 5
921 939
792 477
575 498
85 98
930 237
929 708
477 664
632 907
328 356
670 621
529 367
711 131
208 40
932 803
202 145
844 288
496 446
939 636
247 931
752 207
442 595
186 589
922 729
118 948
124 770
235 104
43 76
491 2
883 772
39 868
888 622
925 835
948 740
509 506
849 773
814 197
852 120
196 740
785 321
269 880
408 492
301 31
304 269
75 562
567 772
58 372
40 279
940 890
874 242
505 621
306 582
552 370
195 764
577 961
689 15
501 590
732 107
806 934
453 390
84 844
929 489
896 286
381 228
370 375
94 498
742 231
279 895
708 19
802 200
231 614
34 62
822 15
972 664
977 54
929 203
486 13
488 404
338 86
399 8
826 292
223 308
886 668
902 145
454 520
695 586
368 713
114 421
668 502
743 914
263 734
285 802
949 459
630 512
167 258
78 747
86 182
756 874
705 1000
99 41
694 444
255 682
501 246
175 117
412 329
93 396
498 998
4 131
297 159
41 130
350 404
588 6
606 101
44 630
830 621
173 877
266 648
70 666
543 639
1 429
500 199
173 167
272 391
229 689
425 62
475 387
511 449
116 407
559 279
803 20
213 240
641 750
771 895
205 743
595 99
686 142
12 329
841 999
36 327
96 58
872 971
870 106
355 192
291 275
45 288
211 584
196 156
436 474
183 438
261 472
615 403
46 634
895 986
834 216
751 179
472 36
815 854
820 753
268 662
958 842
741 90
155 619
941 520
599 108
54 419
498 793
246 603
677 691
463 878
910 267
783 380
859 417
346 788
347 629
4 946
478 227
548 995
995 983
881 58
166 154
829 314
691 265
673 278
69 613
86 333
456 886
296 287
316 194
356 667
191 642
18 820
848 619
634 180
134 998
374 507
526 484
291 917
348 706
157 996
31 991
183 816
3 182
776 502
545 687
444 307
690 55
641 601
358 24
698 909
76 809
295 521
104 546
211 262
512 601
965 145
453 461
55 393
374 833
68 20
524 359
453 751
579 305
240 771
198 824
512 278
252 191
384 921
707 149
266 341
251 881
342 424
289 28
53 43
163 551
683 428
521 473
538 601
172 943
203 835
95 817
481 869
99 306
636 507
194 2
113 875
835 279
767 409
345 7
437 735
921 974
95 983
631 161
118 284
113 188
975 907
188 330
995 42
189 255
209 737
396 45
341 420
571 779
331 338
408 981
643 751
781 300
947 60
861 606
130 382
611 107
204 563
922 706
981 357
787 532
992 514
576 833
973 961
926 789
268 423
75 951
153 801
279 289
893 591
692 526
452 811
35 261
643 66
974 944
163 500
275 867
160 894
349 302
206 329
944 338
1 83
50 973
783 919
572 842
581 267
480 402
462 102
94 430
396 688
936 901
439 882
423 329
888 126
561 40
245 527
190 101
231 748
750 612
54 47
474 905
390 45
488 155
141 853
155 349
988 856
116 899
882 912
889 159
360 469
731 230
660 170
789 778
707 113
877 705
489 640
806 583
256 303
510 750
441 997
833 571
523 291
105 432
640 453
612 385
388 203
206 598
959 188
489 930
955 845
338 925
263 778
615 59
496 149
146 20
886 962
298 363
248 850
908 736
284 138
14 39
252 758
218 872
289 846
423 721
320 350
100 799
992 704
866 233
667 504
781 554
388 271
156 867
144 795
381 887
113 442
350 441
758 42
732 689
696 391
680 780
818 635
75 962
477 42
596 160
390 931
67 818
69 224
336 526
932 162
571 610
775 532
292 979
672 751
417 752
810 10
879 928
861 245
594 976
371 377
163 69
857 202
737 56
131 739
483 992
338 763
368 500
150 316
658 291
519 1
653 427
140 706
524 344
121 557
103 453
763 221
661 130
438 261
404 413
25 928
927 963
76 309
298 779
320 847
695 468
203 954
7 566
802 282
950 642
844 129
458 580
429 609
795 591
651 739
781 688
937 498
664 342
60 615
105 961
485 682
344 274
864 44
333 998
317 481
304 896
624 761
382 729
904 35
333 887
65 505
921 672
499 972
327 907
959 660
374 412
307 469
865 451
437 858
982 717
641 850
563 556
715 321
849 983
445 424
903 566
121 28
583 334
3 234
757 119
175 424
336 972
724 215
118 546
376 61
434 677
620 480
36 241
275 923
96 76
906 731
184 543
600 460
50 917
89 344
561 487
564 898
563 625
412 876
676 816
471 148
382 337
392 699
929 500
177 367
529 722
879 376
222 156
10 89
970 28
822 232
347 136
76 458
48 363
233 801
108 955
604 848
987 88
551 891
872 392
673 233
582 891
821 465
879 207
850 579
615 762
122 602
138 967
303 387
285 148
56 68
95 877
995 339
952 126
844 52
202 424
170 455
248 795
49 798
543 922
53 394
695 847
644 227
958 391
373 877
669 848
795 763
156 901
87 767
557 410
865 525
863 598
479 369
317 118
246 4
981 223
586 489
325 923
435 247
455 264
408 873
939 583
444 127
28 636
981 320
250 444
135 543
49 730
416 631
678 371
130 445
59 257
79 962
597 769
212 568
783 668
499 375
693 51
504 31
876 335
328 333
92 510
534 141
202 362
866 725
796 648
315 8
893 652
305 99
14 885
774 559
816 369
45 97
104 547
84 761
654 645
370 674
56 539
295 409
850 80
478 785
253 15
903 486
554 308
167 675
867 963
618 71
107 982
825 848
272 816
826 251
152 486
924 540
7 856
25 403
843 596
605 194
976 179
904 464
462 630
740 36
71 682
56 241
360 807
868 199
27 417
144 643
861 83
245 124
511 657
904 157
113 61
378 198
622 925
16 826
616 278
823 193
86 366
479 90
972 331
847 617
499 791
374 85
265 551
530 109
973 879
559 138
299 768
784 736
131 91
67 857
305 860
412 592
589 964
273 510
538 258
232 600
943 777
509 325
679 771
409 127
616 865
801 913
415 49
608 689
456 446
935 830
187 62
799 223
432 391
343 691
663 380
130 555
599 610
600 388
662 188
371 43
577 916
157 477
125 104
814 730
746 244
453 706
772 798
225 675
410 791
734 343
68 815
824 453
642 586
517 622
954 840
901 719
993 678
461 328
618 349
312 644
363 838
646 643
698 341
263 250
868 901
32 263
644 502
294 187
212 528
394 613
582 978
259 673
264 73
797 161
399 458
179 374
223 1
597 276
178 898
730 375
768 797
640 659
606 450
327 231
99 156
278 359
913 206
40 846
131 153
60 273
226 9
833 23
155 15
584 895
757 911
500 463
342 901
399 284
577 411
637 779
84 125
906 935
311 166
849 249
466 461
69 112
292 209
775 676
7 318
27 644
962 440
527 723
163 68
970 860
183 25
849 549
231 813
418 906
898 128
292 951
42 814
85 908
305 260
767 988
309 724
978 229
707 929
301 848
909 657
532 876
915 556
882 393
367 51
500 720
581 809
259 886
935 358
958 989
725 830
606 106
204 323
186 722
377 785
873 884
198 865
345 307
364 633
517 979
848 438
461 509
725 528
711 541
44 631
258 306
305 834
347 506
111 397
298 42
463 756
415 881
700 961
384 543
481 541
228 318
925 368
714 741
952 727
226 971
498 548
579 981
563 504
806 44
922 537
192 886
100 583
835 524
840 930
506 677
592 503
559 221
892 602
783 485
43 562
701 60
683 593
995 835
50 78
253 693
236 293
421 757
188 192
45 713
136 970
158 523
590 526
480 125
862 674
77 474
793 985
478 683
706 854
767 867
530 428
810 936
975 374
278 642
999 332
747 511
291 277
935 548
149 159
458 431
364 730
963 295
950 625
824 671
815 995
323 413
855 482
893 43
640 241
626 934
312 354
76 459
891 277
426 278
158 225
752 784
162 252
219 501
555 383
424 779
665 723
997 174
526 652
565 938
952 289
5 227
333 726
302 863
158 387
803 970
843 649
221 789
809 673
976 502
288 62
599 332
621 276
186 194
289 449
844 53
94 428
605 15
121 452
501 438
429 697
982 431
565 253
566 558
420 908
661 714
55 18
587 490
588 897
684 674
812 825
28 200
191 652
340 202
936 305
40 774
262 328
396 251
828 214
714 380
922 799
482 790
526 405
303 804
473 585
740 905
269 805
715 765
151 535
957 664
657 324
490 31
510 90
37 426
722 825
576 436
814 114
248 37
992 43
908 467
12 152
180 842
314 912
82 84
414 431
25 212
56 711
629 802
794 265
707 1000
923 679
999 368
603 651
231 714
659 653
72 81
609 286
957 860
67 305
515 498
475 941
612 570
105 184
87 120
551 905
325 846
426 266
835 532
925 244
484 4
780 729
509 695
150 801
320 648
837 937
270 298
645 304
440 17
574 852
938 842
650 140
711 485
806 315
184 22
238 841
656 332
322 252
431 450
381 863
57 889
406 516
778 699
564 104
491 364
219 442
166 132
577 227
905 308
268 748
187 516
773 188
855 665
12 610
191 400
192 45
486 425
525 416
88 238
108 145
669 608
787 534
991 350
599 777
3 794
653 961
691 178
93 148
370 827
888 708
853 650
927 375
430 181
362 151
948 690
809 364
452 438
6 644
945 156
527 766
337 492
420 194
687 388
379 809
196 417
275 978
98 991
615 102
543 197
176 957
49 129
267 86
430 518
842 462
24 321
668 954
487 576
182 22
720 585
56 961
402 597
889 651
531 646
160 623
118 964
894 660
798 94
416 328
489 646
575 136
281 752
91 871
170 122
601 950
998 656
824 147
790 952
937 404
973 462
901 113
151 630
647 525
212 834
569 193
75 440
367 688
460 374
62 134
697 357
91 690
624 258
147 644
297 23
74 179
856 258
877 649
455 322
347 861
829 465
999 897
195 769
878 518
674 191
648 413
728 107
636 588
40 109
314 532
540 266
245 60
796 956
448 210
982 915
438 957
19 781
974 611
150 97
98 302
5 802
909 204
144 74
495 949
105 423
597 681
447 566
693 810
107 341
590 674
628 273
149 920
22 414
120 919
897 942
555 854
895 463
519 307
900 823
337 345
559 594
449 807
926 307
492 312
767 991
626 673
453 387
223 893
171 734
135 443
512 690
875 630
743 236
269 672
997 983
272 746
685 890
500 576
980 842
687 467
717 425
510 697
170 980
46 831
87 145
489 610
952 262
78 702
882 251
185 409
283 620
561 534
925 45
303 489
270 226
364 649
860 518
344 745
102 170
227 131
9 84
583 742
341 151
865 773
294 55
976 410
635 255
742 689
601 771
53 436
882 812
187 878
630 438
830 212
744 789
431 107
566 754
329 465
804 582
752 159
754 453
627 881
269 588
776 255
179 224
400 645
829 102
745 891
191 841
17 158
808 191
520 662
727 940
897 639
93 220
735 669
150 13
174 135
527 641
862 272
791 268
466 65
34 413
185 959
850 219
870 158
652 37
11 951
15 935
966 653
914 872
441 502
567 972
45 140
656 319
430 574
850 59
93 640
450 495
766 185
533 248
265 733
980 767
39 208
280 193
63 222
107 778
38 904
780 645
233 688
234 667
256 489
440 118
43 947
426 73
483 184
195 268
930 361
513 695
19 58
932 754
768 483
271 208
547 979
479 348
904 227
564 149
921 373
811 340
43 750
680 678
636 945
670 537
485 861
611 483
739 54
886 187
710 501
411 352
936 449
39 856
98 500
528 763
605 483
970 32
718 642
52 655
867 440
745 736
239 894
804 431
734 168
404 573
645 665
244 188
580 566
457 180
178 286
442 623
629 15
421 970
885 181
44 379
766 360
714 271
477 419
244 82
997 700
599 600
357 861
548 138
306 525
327 885
435 851
220 459
791 502
816 194
456 634
547 114
853 129
306 668
698 234
954 80
3 644
703 639
444 882
11 177
419 596
722 167
816 32
615 432
569 744
287 597
660 145
78 362
377 863
95 598
592 854
169 555
61 525
542 100
708 884
983 402
307 949
475 763
100 196
172 569
765 726
259 583
385 768
118 480
356 317
928 150
530 310
98 361
289 492
420 594
314 920
998 983
373 161
127 511
256 642
189 252
170 225
998 934
268 749
326 447
473 793
401 20
973 668
652 587
999 924
36 736
643 280
863 253
222 15
169 385
649 911
128 304
655 794
222 158
545 735
201 897
519 923
831 901
922 995
504 206
214 905
213 554
589 851
456 337
643 71
420 500
426 905
316 293
317 604
52 170
107 360
3 437
685 337
799 362
234 125
111 721
384 612
585 470
492 920
110 539
571 7
721 662
594 156
971 124
561 45
157 442
395 493
822 436
751 278
788 268
79 405
335 575
233 989
876 881
825 769
781 683
831 319
669 432
779 208
284 594
945 680
657 613
589 249
377 891
311 123
180 274
915 865
972 854
77 950
748 687
673 453
323 266
906 311
122 912
355 5
644 391
811 510
227 247
228 260
526 871
782 269
787 121
330 756
994 335
646 460
140 452
583 944
52 776
712 797
585 17
575 732
579 855
334 545
245 138
407 943
598 390
831 753
951 594
639 743
129 43
5 912
409 319
175 288
362 377
998 98
610 451
225 39
889 8
931 879
664 690
370 687
554 83
975 126
779 675
782 538
827 191
926 288
478 860
289 669
132 829
594 151
43 394
971 905
281 305
160 686
828 545
582 624
567 452
822 426
771 707
702 629
25 933
262 970
104 938
440 492
370 85
599 68
712 312
60 796
901 434
885 963
234 823
75 377
20 462
424 591
959 221
213 475
803 929
787 36
147 965
355 38
7 721
599 283
982 666
973 578
406 717
388 456
924 10
670 546
674 545
335 516
351 195
26 449
936 343
292 346
32 829
630 337
173 622
527 893
930 889
274 757
279 132
248 446
246 217
566 908
861 820
168 31
645 531
953 982
161 946
386 253
25 299
26 20
1000 933
413 724
387 77
583 472
137 818
10 512
796 679
841 487
12 246
50 769
128 987
667 946
716 591
11 950
837 494
469 444
340 107
810 114
991 853
957 965
63 618
510 274
381 19
262 148
279 814
485 259
223 737
977 389
910 979
404 648
915 955
168 776
354 739
677 861
399 251
310 930
539 916
224 559
326 519
566 147
53 68
950 754
222 852
137 57
66 497
319 769
181 800
540 745
602 94
215 577
402 94
866 475
709 895
341 27
269 270
437 616
277 771
298 302
890 324
178 514
618 855
74 265
569 417
973 759
479 370
134 843
304 830
468 1
431 255
14 397
770 567
790 562
256 965
890 38
729 156
417 994
27 784
607 135
679 570
131 96
204 666
244 927
84 64
884 991
14 687
903 578
550 301
601 331
142 853
224 205
442 361
10 597
158 613
965 123
201 198
75 749
774 659
297 699
945 199
799 228
415 239
534 115
102 290
794 484
211 266
992 21
629 800
337 160
759 950
106 495
396 543
54 71
628 104
376 937
837 740
555 447
292 687
149 290
561 226
581 751
482 707
75 697
829 805
756 379
684 232
975 539
163 65
925 242
85 533
671 498
911 259
354 349
226 589
483 326
545 455
790 46
734 781
627 383
609 984
618 518
656 887
825 160
899 745
976 468
498 150
910 491
142 913
293 299
350 788
62 232
568 109
75 111
627 522
673 310
203 387
443 624
991 813
28 842
730 432
913 112
198 250
213 92
865 866
204 559
654 185
783 479
930 929
109 614
684 836
447 830
247 760
654 296
511 167
760 401
360 908
230 277
947 335
676 183
304 926
663 411
611 986
426 886
443 60
726 113
177 232
179 614
182 347
921 217
595 430
486 205
560 17
309 588
571 169
590 759
707 569
663 750
287 810
970 616
737 355
205 397
779 66
820 670
512 327
513 50
56 963
879 445
8 198
777 613
889 649
603 439
307 754
34 902
769 473
114 216
673 805
727 110
552 712
380 123
290 367
733 697
213 147
316 723
243 437
213 341
952 475
277 651
536 154
65 838
776 38
234 867
243 723
282 705
188 19
434 388
877 112
273 770
511 694
347 689
117 523
526 791
922 701
105 871
17 261
436 505
274 492
592 383
791 689
208 616
49 948
434 645
359 723
972 488
847 590
703 490
65 386
36 773
922 802
745 74
799 632
69 347
362 471
594 682
580 873
569 845
236 339
700 66
465 631
67 967
686 518
823 260
550 708
10 621
971 741
395 221
953 667
680 189
500 464
372 81
45 21
893 689
918 346
426 652
224 690
411 289
954 166
771 548
498 298
150 419
561 72
559 973
729 946
901 733
423 510
923 798
191 888
416 392
737 504
591 461
869 41
410 886
424 810
327 755
276 851
918 646
777 786
261 129
449 353
466 705
731 119
894 513
698 422
167 219
782 798
426 83
659 746
994 526
726 185
950 561
899 545
318 191
555 342
765 346
179 343
554 393
458 290
60 466
939 433
216 208
35 820
588 920
554 24
203 506
131 361
460 491
32 226
757 928
998 534
464 893
640 912
706 657
355 485
782 810
36 904
135 580
905 701
715 722
953 119
370 833
676 207
774 692
686 32
434 673
996 755
23 977
482 693
980 436
399 518
664 941
920 471
222 659
580 257
798 472
90 533
162 422
788 342
37 870
8 768
278 624
686 365
745 215
447 411
732 507
589 350
203 751
755 906
457 755
439 551
550 564
782 375
384 395
117 413
632 302
998 493
357 507
360 17
161 64
15 357
627 501
613 10
116 630
321 410
51 561
18 474
898 854
6 315
165 549
551 85
809 526
661 501
946 657
657 578
325 724
949 298
471 570
807 956
795 988
700 505
709 894
673 440
365 356
94 290
761 615
925 706
764 366
648 506
645 195
493 888
803 191
395 712
674 693
400 354
383 145
773 687
210 585
317 227
941 6
676 446
434 1
87 985
183 670
994 201
244 920
939 712
288 582
763 580
573 131
900 693
727 946
508 644
272 74
149 764
988 269
609 192
244 45
762 430
913 608
974 424
718 461
766 58
474 729
275 552
239 347
993 835
296 525
542 942
889 914
275 518
675 11
864 208
917 74
993 956
722 18
335 549
85 818
410 652
147 906
181 335
422 619
632 219
464 189
580 27
102 707
805 641
846 194
375 830
376 648
674 51
90 961
627 465
498 167
371 655
119 309
411 740
388 683
949 108
327 328
459 208
540 607
686 837
726 374
194 31
677 594
381 747
458 408
35 305
922 776
389 822
485 669
968 697
117 350
330 734
799 976
268 536
587 314
329 542
146 188
203 53
27 195
672 28
142 176
753 999
237 270
293 12
503 577
188 310
27 112
530 105
53 652
383 181
365 618
661 973
352 452
294 686
633 682
830 972
302 165
703 731
785 320
895 814
515 852
495 700
847 651
792 899
334 634
649 542
598 491
262 23
804 382
399 954
457 109
961 909
709 295
323 628
244 599
783 764
272 182
794 526
883 588
349 440
97 71
461 734
614 492
466 116
875 976
72 771
804 92
611 191
249 191
813 410
266 487
343 335
110 686
37 732
582 673
225 340
264 722
318 923
871 245
200 54
571 25
475 236
820 744
589 405
291 302
771 600
984 773
828 143
453 718
203 695
555 410
665 366
224 650
150 742
774 87
798 50
470 131
293 906
938 433
502 528
988 635
232 902
520 845
425 403
354 539
564 527
82 522
857 432
293 748
39 504
920 890
409 274
565 16
656 852
378 375
35 906
472 240
848 216
792 547
322 334
536 552
668 61
282 992
265 758
352 612
369 954
177 748
705 32
889 323
925 407
818 833
677 138
754 559
113 445
132 376
528 354
303 872
607 222
455 605
353 255
796 959
361 532
412 944
417 794
895 83
970 102
808 85
917 605
420 411
258 42
615 848
693 902
505 298
652 420
583 483
192 345
233 355
819 740
415 17
35 217
109 450
600 501
235 426
533 783
861 402
827 46
819 687
666 224
233 157
825 577
571 37
475 200
768 325
674 294
842 624
115 14
150 531
615 357
306 821
992 316
484 72
416 504
73 919
493 262
848 283
556 996
336 79
962 271
285 26
983 487
751 344
404 852
604 539
12 965
930 320
803 978
610 748
274 40
388 148
281 796
601 919
579 872
964 615
761 729
711 319
401 176
735 181
539 502
540 933
208 710
980 463
618 881
731 562
777 318
672 68
585 741
416 642
218 530
131 249
79 727
886 205
444 80
562 655
193 336
930 887
516 236
168 114
520 231
776 369
562 286
134 911
193 449
981 280
641 853
783 534
397 247
957 259
153 883
232 980
126 819
675 722
791 610
788 787
404 548
776 431
170 834
724 109
762 280
196 710
433 60
184 404
257 846
679 967
32 432
704 145
483 946
228 556
317 642
564 902
478 687
541 915
49 125
177 384
896 466
417 354
205 451
448 729
806 855
703 408
849 176
10 66
11 231
856 617
72 279
570 122
738 820
996 304
464 97
851 527
963 73
966 844
92 136
955 573
3 984
301 739
137 637
521 304
904 392
7 529
983 376
125 592
130 144
39 384
332 398
269 832
873 630
477 775
925 580
656 685
257 845
890 322
672 241
866 131
804 613
289 77
18 814
4 365
577 37
728 183
306 117
469 423
786 299
491 51
623 762
644 925
316 62
615 698
652 384
193 429
331 539
98 354
852 79
993 503
704 78
334 313
795 313
745 630
237 972
862 146
140 978
947 482
75 751
594 917
520 624
653 268
529 774
803 227
11 274
364 992
529 919
197 801
917 472
885 468
813 87
174 499
456 244
537 45
81 153
776 903
978 461
836 31
837 738
968 111
950 3
328 782
65 685
949 841
107 858
955 488
342 743
996 212
318 312
229 195
